Linux 7.0.0-31-generic (ubuntu-Latitude-3490) 	09/30/26 	_x86_64_	(4 CPU)

17:49:38     CPU    %usr   %nice    %sys %iowait    %irq   %soft  %steal  %guest  %gnice   %idle
17:49:39     all   10.15    0.00    8.63    0.25    0.00    2.54    0.00    0.00    0.00   78.43
17:49:39       0    7.00    0.00   11.00    1.00    0.00    0.00    0.00    0.00    0.00   81.00
17:49:39       1   17.17    0.00    7.07    0.00    0.00   10.10    0.00    0.00    0.00   65.66
17:49:39       2    6.19    0.00    9.28    0.00    0.00    0.00    0.00    0.00    0.00   84.54
17:49:39       3   10.20    0.00    7.14    0.00    0.00    0.00    0.00    0.00    0.00   82.65

17:49:39     CPU    %usr   %nice    %sys %iowait    %irq   %soft  %steal  %guest  %gnice   %idle
17:49:40     all    9.87    0.00    7.59    0.00    0.00    2.78    0.00    0.00    0.00   79.75
17:49:40       0    9.18    0.00    9.18    0.00    0.00    0.00    0.00    0.00    0.00   81.63
17:49:40       1    6.86    0.00    6.86    0.00    0.00    9.80    0.00    0.00    0.00   76.47
17:49:40       2    5.10    0.00    6.12    0.00    0.00    1.02    0.00    0.00    0.00   87.76
17:49:40       3   18.56    0.00    8.25    0.00    0.00    0.00    0.00    0.00    0.00   73.20

17:49:40     CPU    %usr   %nice    %sys %iowait    %irq   %soft  %steal  %guest  %gnice   %idle
17:49:41     all   13.04    0.00   11.51    0.00    0.00    3.07    0.00    0.00    0.00   72.38
17:49:41       0   16.67    0.00   10.42    0.00    0.00    0.00    0.00    0.00    0.00   72.92
17:49:41       1   13.86    0.00    9.90    0.00    0.00   11.88    0.00    0.00    0.00   64.36
17:49:41       2    9.38    0.00   15.62    0.00    0.00    0.00    0.00    0.00    0.00   75.00
17:49:41       3   12.24    0.00   10.20    0.00    0.00    0.00    0.00    0.00    0.00   77.55

17:49:41     CPU    %usr   %nice    %sys %iowait    %irq   %soft  %steal  %guest  %gnice   %idle
17:49:42     all   11.22    0.00    6.89    0.26    0.00    3.83    0.00    0.00    0.00   77.81
17:49:42       0   14.43    0.00    8.25    0.00    0.00    0.00    0.00    0.00    0.00   77.32
17:49:42       1   13.86    0.00    7.92    0.00    0.00   13.86    0.00    0.00    0.00   64.36
17:49:42       2    5.21    0.00    7.29    0.00    0.00    0.00    0.00    0.00    0.00   87.50
17:49:42       3   11.22    0.00    4.08    1.02    0.00    1.02    0.00    0.00    0.00   82.65

17:49:42     CPU    %usr   %nice    %sys %iowait    %irq   %soft  %steal  %guest  %gnice   %idle
17:49:43     all   10.71    0.00    9.95    0.00    0.00    2.04    0.00    0.00    0.00   77.30
17:49:43       0   13.27    0.00   10.20    0.00    0.00    0.00    0.00    0.00    0.00   76.53
17:49:43       1    5.05    0.00   11.11    0.00    0.00    8.08    0.00    0.00    0.00   75.76
17:49:43       2    6.19    0.00    9.28    0.00    0.00    0.00    0.00    0.00    0.00   84.54
17:49:43       3   18.37    0.00    9.18    0.00    0.00    0.00    0.00    0.00    0.00   72.45

17:49:43     CPU    %usr   %nice    %sys %iowait    %irq   %soft  %steal  %guest  %gnice   %idle
17:49:44     all   10.41    0.00    7.11    0.00    0.00    2.28    0.00    0.00    0.00   80.20
17:49:44       0   12.12    0.00    7.07    0.00    0.00    1.01    0.00    0.00    0.00   79.80
17:49:44       1    7.07    0.00    8.08    0.00    0.00    8.08    0.00    0.00    0.00   76.77
17:49:44       2    6.25    0.00    3.12    0.00    0.00    0.00    0.00    0.00    0.00   90.62
17:49:44       3   16.00    0.00   10.00    0.00    0.00    0.00    0.00    0.00    0.00   74.00

17:49:44     CPU    %usr   %nice    %sys %iowait    %irq   %soft  %steal  %guest  %gnice   %idle
17:49:45     all   11.89    0.00    9.56    0.00    0.00    2.33    0.00    0.00    0.00   76.23
17:49:45       0   15.31    0.00   12.24    0.00    0.00    1.02    0.00    0.00    0.00   71.43
17:49:45       1   14.43    0.00   11.34    0.00    0.00    8.25    0.00    0.00    0.00   65.98
17:49:45       2    7.37    0.00    8.42    0.00    0.00    0.00    0.00    0.00    0.00   84.21
17:49:45       3   10.31    0.00    6.19    0.00    0.00    0.00    0.00    0.00    0.00   83.51

17:49:45     CPU    %usr   %nice    %sys %iowait    %irq   %soft  %steal  %guest  %gnice   %idle
17:49:46     all    9.67    0.00    6.87    0.00    0.00    2.29    0.00    0.00    0.00   81.17
17:49:46       0    8.16    0.00    6.12    0.00    0.00    1.02    0.00    0.00    0.00   84.69
17:49:46       1    8.08    0.00    6.06    0.00    0.00    7.07    0.00    0.00    0.00   78.79
17:49:46       2    5.15    0.00    5.15    0.00    0.00    1.03    0.00    0.00    0.00   88.66
17:49:46       3   17.17    0.00   10.10    0.00    0.00    0.00    0.00    0.00    0.00   72.73

17:49:46     CPU    %usr   %nice    %sys %iowait    %irq   %soft  %steal  %guest  %gnice   %idle
17:49:47     all   10.63    0.00   10.38    0.00    0.00    2.53    0.00    0.00    0.00   76.46
17:49:47       0    6.06    0.00    8.08    0.00    0.00    1.01    0.00    0.00    0.00   84.85
17:49:47       1   14.85    0.00    8.91    0.00    0.00    8.91    0.00    0.00    0.00   67.33
17:49:47       2    7.29    0.00   12.50    0.00    0.00    0.00    0.00    0.00    0.00   80.21
17:49:47       3   14.14    0.00   12.12    0.00    0.00    0.00    0.00    0.00    0.00   73.74

17:49:47     CPU    %usr   %nice    %sys %iowait    %irq   %soft  %steal  %guest  %gnice   %idle
17:49:48     all   11.60    0.00    6.96    0.00    0.00    2.06    0.00    0.00    0.00   79.38
17:49:48       0   15.46    0.00   11.34    0.00    0.00    0.00    0.00    0.00    0.00   73.20
17:49:48       1   13.27    0.00    5.10    0.00    0.00    8.16    0.00    0.00    0.00   73.47
17:49:48       2    4.17    0.00    6.25    0.00    0.00    0.00    0.00    0.00    0.00   89.58
17:49:48       3   13.40    0.00    5.15    0.00    0.00    0.00    0.00    0.00    0.00   81.44

17:49:48     CPU    %usr   %nice    %sys %iowait    %irq   %soft  %steal  %guest  %gnice   %idle
17:49:49     all   10.38    0.00   10.63    0.00    0.00    2.53    0.00    0.00    0.00   76.46
17:49:49       0   13.27    0.00   14.29    0.00    0.00    0.00    0.00    0.00    0.00   72.45
17:49:49       1   11.88    0.00    7.92    0.00    0.00    9.90    0.00    0.00    0.00   70.30
17:49:49       2    5.15    0.00   11.34    0.00    0.00    0.00    0.00    0.00    0.00   83.51
17:49:49       3   11.11    0.00    9.09    0.00    0.00    0.00    0.00    0.00    0.00   79.80

17:49:49     CPU    %usr   %nice    %sys %iowait    %irq   %soft  %steal  %guest  %gnice   %idle
17:49:50     all   10.36    0.00    8.03    0.00    0.00    1.81    0.00    0.00    0.00   79.79
17:49:50       0    8.42    0.00    5.26    0.00    0.00    0.00    0.00    0.00    0.00   86.32
17:49:50       1    9.28    0.00    9.28    0.00    0.00    5.15    0.00    0.00    0.00   76.29
17:49:50       2    6.25    0.00   11.46    0.00    0.00    1.04    0.00    0.00    0.00   81.25
17:49:50       3   17.35    0.00    6.12    0.00    0.00    1.02    0.00    0.00    0.00   75.51

17:49:50     CPU    %usr   %nice    %sys %iowait    %irq   %soft  %steal  %guest  %gnice   %idle
17:49:51     all   11.22    0.00    9.95    0.26    0.00    2.55    0.00    0.00    0.00   76.02
17:49:51       0   18.18    0.00   11.11    1.01    0.00    0.00    0.00    0.00    0.00   69.70
17:49:51       1    8.08    0.00    7.07    0.00    0.00   10.10    0.00    0.00    0.00   74.75
17:49:51       2    5.26    0.00   10.53    0.00    0.00    0.00    0.00    0.00    0.00   84.21
17:49:51       3   13.13    0.00   11.11    0.00    0.00    0.00    0.00    0.00    0.00   75.76

17:49:51     CPU    %usr   %nice    %sys %iowait    %irq   %soft  %steal  %guest  %gnice   %idle
17:49:52     all   12.72    0.00    8.91    0.00    0.00    2.29    0.00    0.00    0.00   76.08
17:49:52       0   13.27    0.00    8.16    0.00    0.00    0.00    0.00    0.00    0.00   78.57
17:49:52       1   13.13    0.00    9.09    0.00    0.00    9.09    0.00    0.00    0.00   68.69
17:49:52       2    6.19    0.00    9.28    0.00    0.00    0.00    0.00    0.00    0.00   84.54
17:49:52       3   18.18    0.00    9.09    0.00    0.00    0.00    0.00    0.00    0.00   72.73

17:49:52     CPU    %usr   %nice    %sys %iowait    %irq   %soft  %steal  %guest  %gnice   %idle
17:49:53     all   12.28    0.00    8.95    0.00    0.00    1.79    0.00    0.00    0.00   76.98
17:49:53       0   15.31    0.00   12.24    0.00    0.00    0.00    0.00    0.00    0.00   72.45
17:49:53       1   17.17    0.00   10.10    0.00    0.00    7.07    0.00    0.00    0.00   65.66
17:49:53       2    8.25    0.00    6.19    0.00    0.00    0.00    0.00    0.00    0.00   85.57
17:49:53       3    8.25    0.00    7.22    0.00    0.00    0.00    0.00    0.00    0.00   84.54

17:49:53     CPU    %usr   %nice    %sys %iowait    %irq   %soft  %steal  %guest  %gnice   %idle
17:49:54     all   11.03    0.00    8.97    0.00    0.00    1.79    0.00    0.00    0.00   78.21
17:49:54       0    9.18    0.00   10.20    0.00    0.00    0.00    0.00    0.00    0.00   80.61
17:49:54       1    9.18    0.00    8.16    0.00    0.00    6.12    0.00    0.00    0.00   76.53
17:49:54       2    7.22    0.00    9.28    0.00    0.00    1.03    0.00    0.00    0.00   82.47
17:49:54       3   18.56    0.00    8.25    0.00    0.00    0.00    0.00    0.00    0.00   73.20

17:49:54     CPU    %usr   %nice    %sys %iowait    %irq   %soft  %steal  %guest  %gnice   %idle
17:49:55     all   11.03    0.00    7.18    0.00    0.00    2.05    0.00    0.00    0.00   79.74
17:49:55       0   12.24    0.00   10.20    0.00    0.00    0.00    0.00    0.00    0.00   77.55
17:49:55       1   14.43    0.00    6.19    0.00    0.00    7.22    0.00    0.00    0.00   72.16
17:49:55       2    4.17    0.00    5.21    0.00    0.00    0.00    0.00    0.00    0.00   90.62
17:49:55       3   13.13    0.00    7.07    0.00    0.00    1.01    0.00    0.00    0.00   78.79

17:49:55     CPU    %usr   %nice    %sys %iowait    %irq   %soft  %steal  %guest  %gnice   %idle
17:49:56     all   13.78    0.00   11.22    0.00    0.00    1.79    0.00    0.00    0.00   73.21
17:49:56       0   16.33    0.00   18.37    0.00    0.00    0.00    0.00    0.00    0.00   65.31
17:49:56       1   13.27    0.00    7.14    0.00    0.00    7.14    0.00    0.00    0.00   72.45
17:49:56       2   10.31    0.00    9.28    0.00    0.00    0.00    0.00    0.00    0.00   80.41
17:49:56       3   15.15    0.00   10.10    0.00    0.00    0.00    0.00    0.00    0.00   74.75

17:49:56     CPU    %usr   %nice    %sys %iowait    %irq   %soft  %steal  %guest  %gnice   %idle
17:49:57     all   10.34    0.00    6.46    0.26    0.00    2.07    0.00    0.00    0.00   80.88
17:49:57       0    8.16    0.00    5.10    0.00    0.00    1.02    0.00    0.00    0.00   85.71
17:49:57       1   17.35    0.00    8.16    0.00    0.00    7.14    0.00    0.00    0.00   67.35
17:49:57       2    4.26    0.00    7.45    0.00    0.00    0.00    0.00    0.00    0.00   88.30
17:49:57       3   11.34    0.00    5.15    1.03    0.00    0.00    0.00    0.00    0.00   82.47

17:49:57     CPU    %usr   %nice    %sys %iowait    %irq   %soft  %steal  %guest  %gnice   %idle
17:49:58     all   11.86    0.00   11.08    0.26    0.00    0.77    0.00    0.00    0.00   76.03
17:49:58       0   16.49    0.00   13.40    0.00    0.00    0.00    0.00    0.00    0.00   70.10
17:49:58       1   13.68    0.00   12.63    1.05    0.00    3.16    0.00    0.00    0.00   69.47
17:49:58       2    6.12    0.00   10.20    0.00    0.00    0.00    0.00    0.00    0.00   83.67
17:49:58       3   11.22    0.00    8.16    0.00    0.00    0.00    0.00    0.00    0.00   80.61

17:49:58     CPU    %usr   %nice    %sys %iowait    %irq   %soft  %steal  %guest  %gnice   %idle
17:49:59     all   12.40    0.00    7.75    0.00    0.00    1.55    0.00    0.00    0.00   78.29
17:49:59       0   13.54    0.00    6.25    0.00    0.00    0.00    0.00    0.00    0.00   80.21
17:49:59       1    4.17    0.00    9.38    0.00    0.00    5.21    0.00    0.00    0.00   81.25
17:49:59       2    5.15    0.00    5.15    0.00    0.00    1.03    0.00    0.00    0.00   88.66
17:49:59       3   26.53    0.00   10.20    0.00    0.00    0.00    0.00    0.00    0.00   63.27

17:49:59     CPU    %usr   %nice    %sys %iowait    %irq   %soft  %steal  %guest  %gnice   %idle
17:50:00     all   12.56    0.00   11.79    0.00    0.00    0.77    0.00    0.00    0.00   74.87
17:50:00       0   11.11    0.00   11.11    0.00    0.00    0.00    0.00    0.00    0.00   77.78
17:50:00       1   12.50    0.00   15.62    0.00    0.00    3.12    0.00    0.00    0.00   68.75
17:50:00       2    7.22    0.00    9.28    0.00    0.00    0.00    0.00    0.00    0.00   83.51
17:50:00       3   19.39    0.00   11.22    0.00    0.00    0.00    0.00    0.00    0.00   69.39

17:50:00     CPU    %usr   %nice    %sys %iowait    %irq   %soft  %steal  %guest  %gnice   %idle
17:50:01     all    9.00    0.00    5.91    0.00    0.00    1.54    0.00    0.00    0.00   83.55
17:50:01       0   10.31    0.00    7.22    0.00    0.00    0.00    0.00    0.00    0.00   82.47
17:50:01       1   18.75    0.00    7.29    0.00    0.00    6.25    0.00    0.00    0.00   67.71
17:50:01       2    3.06    0.00    4.08    0.00    0.00    0.00    0.00    0.00    0.00   92.86
17:50:01       3    4.08    0.00    5.10    0.00    0.00    0.00    0.00    0.00    0.00   90.82

17:50:01     CPU    %usr   %nice    %sys %iowait    %irq   %soft  %steal  %guest  %gnice   %idle
17:50:02     all   10.51    0.00   11.28    0.00    0.00    0.77    0.00    0.00    0.00   77.44
17:50:02       0   10.00    0.00   14.00    0.00    0.00    0.00    0.00    0.00    0.00   76.00
17:50:02       1   12.50    0.00    9.38    0.00    0.00    3.12    0.00    0.00    0.00   75.00
17:50:02       2    4.17    0.00    9.38    0.00    0.00    0.00    0.00    0.00    0.00   86.46
17:50:02       3   15.31    0.00   12.24    0.00    0.00    0.00    0.00    0.00    0.00   72.45

17:50:02     CPU    %usr   %nice    %sys %iowait    %irq   %soft  %steal  %guest  %gnice   %idle
17:50:03     all   11.31    0.00    7.46    0.00    0.00    1.54    0.00    0.00    0.00   79.69
17:50:03       0    9.28    0.00    9.28    0.00    0.00    0.00    0.00    0.00    0.00   81.44
17:50:03       1   14.74    0.00   10.53    0.00    0.00    4.21    0.00    0.00    0.00   70.53
17:50:03       2    7.22    0.00    5.15    0.00    0.00    1.03    0.00    0.00    0.00   86.60
17:50:03       3   14.00    0.00    5.00    0.00    0.00    1.00    0.00    0.00    0.00   80.00

17:50:03     CPU    %usr   %nice    %sys %iowait    %irq   %soft  %steal  %guest  %gnice   %idle
17:50:04     all   10.43    0.00   10.43    0.25    0.00    1.53    0.00    0.00    0.00   77.35
17:50:04       0    9.09    0.00   14.14    1.01    0.00    0.00    0.00    0.00    0.00   75.76
17:50:04       1   17.00    0.00   11.00    0.00    0.00    6.00    0.00    0.00    0.00   66.00
17:50:04       2    8.33    0.00   10.42    0.00    0.00    0.00    0.00    0.00    0.00   81.25
17:50:04       3    7.14    0.00    6.12    0.00    0.00    0.00    0.00    0.00    0.00   86.73

17:50:04     CPU    %usr   %nice    %sys %iowait    %irq   %soft  %steal  %guest  %gnice   %idle
17:50:05     all   10.74    0.00    8.18    0.00    0.00    1.53    0.00    0.00    0.00   79.54
17:50:05       0    7.14    0.00    8.16    0.00    0.00    0.00    0.00    0.00    0.00   84.69
17:50:05       1   20.62    0.00    7.22    0.00    0.00    6.19    0.00    0.00    0.00   65.98
17:50:05       2    4.12    0.00    9.28    0.00    0.00    0.00    0.00    0.00    0.00   86.60
17:50:05       3   11.11    0.00    8.08    0.00    0.00    0.00    0.00    0.00    0.00   80.81

17:50:05     CPU    %usr   %nice    %sys %iowait    %irq   %soft  %steal  %guest  %gnice   %idle
17:50:06     all   11.63    0.00   10.85    0.00    0.00    1.29    0.00    0.00    0.00   76.23
17:50:06       0   22.22    0.00   13.13    0.00    0.00    0.00    0.00    0.00    0.00   64.65
17:50:06       1   11.58    0.00   10.53    0.00    0.00    5.26    0.00    0.00    0.00   72.63
17:50:06       2    6.25    0.00   11.46    0.00    0.00    0.00    0.00    0.00    0.00   82.29
17:50:06       3    6.19    0.00    8.25    0.00    0.00    0.00    0.00    0.00    0.00   85.57

17:50:06     CPU    %usr   %nice    %sys %iowait    %irq   %soft  %steal  %guest  %gnice   %idle
17:50:07     all   11.34    0.00    7.47    0.00    0.00    1.29    0.00    0.00    0.00   79.90
17:50:07       0   14.43    0.00    8.25    0.00    0.00    0.00    0.00    0.00    0.00   77.32
17:50:07       1   13.54    0.00    6.25    0.00    0.00    4.17    0.00    0.00    0.00   76.04
17:50:07       2    5.15    0.00    7.22    0.00    0.00    0.00    0.00    0.00    0.00   87.63
17:50:07       3   12.24    0.00    8.16    0.00    0.00    1.02    0.00    0.00    0.00   78.57

17:50:07     CPU    %usr   %nice    %sys %iowait    %irq   %soft  %steal  %guest  %gnice   %idle
17:50:08     all   11.89    0.00    9.82    0.00    0.00    0.78    0.00    0.00    0.00   77.52
17:50:08       0   14.29    0.00   12.24    0.00    0.00    0.00    0.00    0.00    0.00   73.47
17:50:08       1   13.68    0.00   11.58    0.00    0.00    3.16    0.00    0.00    0.00   71.58
17:50:08       2   10.53    0.00    8.42    0.00    0.00    0.00    0.00    0.00    0.00   81.05
17:50:08       3    9.09    0.00    7.07    0.00    0.00    0.00    0.00    0.00    0.00   83.84

17:50:08     CPU    %usr   %nice    %sys %iowait    %irq   %soft  %steal  %guest  %gnice   %idle
17:50:09     all   13.54    0.00    9.11    0.52    0.00    1.04    0.00    0.00    0.00   75.78
17:50:09       0   16.49    0.00    8.25    0.00    0.00    0.00    0.00    0.00    0.00   75.26
17:50:09       1    8.51    0.00   10.64    1.06    0.00    3.19    0.00    0.00    0.00   76.60
17:50:09       2   11.46    0.00    9.38    1.04    0.00    1.04    0.00    0.00    0.00   77.08
17:50:09       3   17.53    0.00    8.25    0.00    0.00    0.00    0.00    0.00    0.00   74.23

17:50:09     CPU    %usr   %nice    %sys %iowait    %irq   %soft  %steal  %guest  %gnice   %idle
17:50:10     all   10.62    0.00    8.29    0.00    0.00    1.04    0.00    0.00    0.00   80.05
17:50:10       0   13.54    0.00    5.21    0.00    0.00    0.00    0.00    0.00    0.00   81.25
17:50:10       1    9.57    0.00   10.64    0.00    0.00    4.26    0.00    0.00    0.00   75.53
17:50:10       2    4.12    0.00    8.25    0.00    0.00    0.00    0.00    0.00    0.00   87.63
17:50:10       3   15.15    0.00    9.09    0.00    0.00    0.00    0.00    0.00    0.00   75.76

17:50:10     CPU    %usr   %nice    %sys %iowait    %irq   %soft  %steal  %guest  %gnice   %idle
17:50:11     all   13.14    0.00   11.34    0.00    0.00    1.29    0.00    0.00    0.00   74.23
17:50:11       0   13.27    0.00   16.33    0.00    0.00    0.00    0.00    0.00    0.00   70.41
17:50:11       1   11.58    0.00    9.47    0.00    0.00    4.21    0.00    0.00    0.00   74.74
17:50:11       2    6.19    0.00    9.28    0.00    0.00    1.03    0.00    0.00    0.00   83.51
17:50:11       3   21.43    0.00   10.20    0.00    0.00    0.00    0.00    0.00    0.00   68.37

17:50:11     CPU    %usr   %nice    %sys %iowait    %irq   %soft  %steal  %guest  %gnice   %idle
17:50:12     all   10.91    0.00    6.23    0.26    0.00    0.78    0.00    0.00    0.00   81.82
17:50:12       0   14.58    0.00    6.25    0.00    0.00    0.00    0.00    0.00    0.00   79.17
17:50:12       1   20.00    0.00    8.42    0.00    0.00    3.16    0.00    0.00    0.00   68.42
17:50:12       2    4.17    0.00    6.25    0.00    0.00    0.00    0.00    0.00    0.00   89.58
17:50:12       3    5.10    0.00    4.08    1.02    0.00    0.00    0.00    0.00    0.00   89.80

17:50:12     CPU    %usr   %nice    %sys %iowait    %irq   %soft  %steal  %guest  %gnice   %idle
17:50:13     all   11.34    0.00   10.82    0.00    0.00    0.77    0.00    0.00    0.00   77.06
17:50:13       0   10.20    0.00   12.24    0.00    0.00    0.00    0.00    0.00    0.00   77.55
17:50:13       1   11.58    0.00   10.53    0.00    0.00    3.16    0.00    0.00    0.00   74.74
17:50:13       2    7.22    0.00   11.34    0.00    0.00    0.00    0.00    0.00    0.00   81.44
17:50:13       3   16.33    0.00    9.18    0.00    0.00    0.00    0.00    0.00    0.00   74.49

17:50:13     CPU    %usr   %nice    %sys %iowait    %irq   %soft  %steal  %guest  %gnice   %idle
17:50:14     all   10.94    0.00    8.07    0.00    0.00    0.52    0.00    0.00    0.00   80.47
17:50:14       0    7.29    0.00    6.25    0.00    0.00    0.00    0.00    0.00    0.00   86.46
17:50:14       1   17.20    0.00    9.68    0.00    0.00    2.15    0.00    0.00    0.00   70.97
17:50:14       2    4.12    0.00    9.28    0.00    0.00    0.00    0.00    0.00    0.00   86.60
17:50:14       3   15.31    0.00    7.14    0.00    0.00    0.00    0.00    0.00    0.00   77.55

17:50:14     CPU    %usr   %nice    %sys %iowait    %irq   %soft  %steal  %guest  %gnice   %idle
17:50:15     all   12.79    0.00   10.23    0.00    0.00    1.79    0.00    0.00    0.00   75.19
17:50:15       0   14.00    0.00   11.00    0.00    0.00    3.00    0.00    0.00    0.00   72.00
17:50:15       1   13.68    0.00    9.47    0.00    0.00    3.16    0.00    0.00    0.00   73.68
17:50:15       2    8.16    0.00   12.24    0.00    0.00    1.02    0.00    0.00    0.00   78.57
17:50:15       3   15.31    0.00    8.16    0.00    0.00    0.00    0.00    0.00    0.00   76.53

17:50:15     CPU    %usr   %nice    %sys %iowait    %irq   %soft  %steal  %guest  %gnice   %idle
17:50:16     all   11.03    0.00    6.92    0.00    0.00    1.28    0.00    0.00    0.00   80.77
17:50:16       0    9.09    0.00    6.06    0.00    0.00    0.00    0.00    0.00    0.00   84.85
17:50:16       1   22.11    0.00    8.42    0.00    0.00    4.21    0.00    0.00    0.00   65.26
17:50:16       2    5.15    0.00    6.19    0.00    0.00    0.00    0.00    0.00    0.00   88.66
17:50:16       3    8.08    0.00    7.07    0.00    0.00    1.01    0.00    0.00    0.00   83.84

17:50:16     CPU    %usr   %nice    %sys %iowait    %irq   %soft  %steal  %guest  %gnice   %idle
17:50:17     all   12.47    0.00   11.17    0.00    0.00    0.78    0.00    0.00    0.00   75.58
17:50:17       0   13.68    0.00   13.68    0.00    0.00    0.00    0.00    0.00    0.00   72.63
17:50:17       1   24.21    0.00   10.53    0.00    0.00    3.16    0.00    0.00    0.00   62.11
17:50:17       2    7.22    0.00   11.34    0.00    0.00    0.00    0.00    0.00    0.00   81.44
17:50:17       3    5.10    0.00    9.18    0.00    0.00    0.00    0.00    0.00    0.00   85.71

17:50:17     CPU    %usr   %nice    %sys %iowait    %irq   %soft  %steal  %guest  %gnice   %idle
17:50:18     all   12.73    0.00    8.05    0.00    0.00    1.04    0.00    0.00    0.00   78.18
17:50:18       0   19.00    0.00   10.00    0.00    0.00    1.00    0.00    0.00    0.00   70.00
17:50:18       1   13.04    0.00    7.61    0.00    0.00    2.17    0.00    0.00    0.00   77.17
17:50:18       2    7.29    0.00    7.29    0.00    0.00    1.04    0.00    0.00    0.00   84.38
17:50:18       3   11.34    0.00    7.22    0.00    0.00    0.00    0.00    0.00    0.00   81.44

17:50:18     CPU    %usr   %nice    %sys %iowait    %irq   %soft  %steal  %guest  %gnice   %idle
17:50:19     all   11.63    0.00   10.08    0.26    0.00    0.78    0.00    0.00    0.00   77.26
17:50:19       0    8.08    0.00   12.12    1.01    0.00    1.01    0.00    0.00    0.00   77.78
17:50:19       1    9.68    0.00    8.60    0.00    0.00    2.15    0.00    0.00    0.00   79.57
17:50:19       2    9.28    0.00    9.28    0.00    0.00    0.00    0.00    0.00    0.00   81.44
17:50:19       3   19.39    0.00   10.20    0.00    0.00    0.00    0.00    0.00    0.00   70.41

17:50:19     CPU    %usr   %nice    %sys %iowait    %irq   %soft  %steal  %guest  %gnice   %idle
17:50:20     all   12.57    0.00    8.64    0.00    0.00    0.52    0.00    0.00    0.00   78.27
17:50:20       0   20.62    0.00   11.34    0.00    0.00    0.00    0.00    0.00    0.00   68.04
17:50:20       1    6.45    0.00   10.75    0.00    0.00    2.15    0.00    0.00    0.00   80.65
17:50:20       2    7.37    0.00    5.26    0.00    0.00    0.00    0.00    0.00    0.00   87.37
17:50:20       3   15.46    0.00    7.22    0.00    0.00    0.00    0.00    0.00    0.00   77.32

17:50:20     CPU    %usr   %nice    %sys %iowait    %irq   %soft  %steal  %guest  %gnice   %idle
17:50:21     all   13.68    0.00   10.53    0.00    0.00    0.53    0.00    0.00    0.00   75.26
17:50:21       0   23.96    0.00    9.38    0.00    0.00    0.00    0.00    0.00    0.00   66.67
17:50:21       1   10.99    0.00    9.89    0.00    0.00    2.20    0.00    0.00    0.00   76.92
17:50:21       2    7.45    0.00   12.77    0.00    0.00    0.00    0.00    0.00    0.00   79.79
17:50:21       3   12.12    0.00   10.10    0.00    0.00    0.00    0.00    0.00    0.00   77.78

17:50:21     CPU    %usr   %nice    %sys %iowait    %irq   %soft  %steal  %guest  %gnice   %idle
17:50:22     all   12.76    0.00    7.55    0.00    0.00    0.78    0.00    0.00    0.00   78.91
17:50:22       0   20.20    0.00    9.09    0.00    0.00    0.00    0.00    0.00    0.00   70.71
17:50:22       1    7.69    0.00    8.79    0.00    0.00    2.20    0.00    0.00    0.00   81.32
17:50:22       2    4.17    0.00    6.25    0.00    0.00    1.04    0.00    0.00    0.00   88.54
17:50:22       3   18.37    0.00    6.12    0.00    0.00    0.00    0.00    0.00    0.00   75.51

17:50:22     CPU    %usr   %nice    %sys %iowait    %irq   %soft  %steal  %guest  %gnice   %idle
17:50:23     all   12.99    0.00   10.91    0.00    0.00    1.04    0.00    0.00    0.00   75.06
17:50:23       0   14.14    0.00    9.09    0.00    0.00    1.01    0.00    0.00    0.00   75.76
17:50:23       1   19.35    0.00   11.83    0.00    0.00    2.15    0.00    0.00    0.00   66.67
17:50:23       2    7.37    0.00   14.74    0.00    0.00    0.00    0.00    0.00    0.00   77.89
17:50:23       3   11.22    0.00    8.16    0.00    0.00    1.02    0.00    0.00    0.00   79.59

17:50:23     CPU    %usr   %nice    %sys %iowait    %irq   %soft  %steal  %guest  %gnice   %idle
17:50:24     all   12.60    0.00    8.74    0.26    0.00    0.26    0.00    0.00    0.00   78.15
17:50:24       0    7.14    0.00    6.12    0.00    0.00    0.00    0.00    0.00    0.00   86.73
17:50:24       1   20.00    0.00   10.53    1.05    0.00    1.05    0.00    0.00    0.00   67.37
17:50:24       2    8.33    0.00    9.38    0.00    0.00    0.00    0.00    0.00    0.00   82.29
17:50:24       3   15.00    0.00    9.00    0.00    0.00    0.00    0.00    0.00    0.00   76.00

17:50:24     CPU    %usr   %nice    %sys %iowait    %irq   %soft  %steal  %guest  %gnice   %idle
17:50:25     all   10.85    0.00    8.27    0.00    0.00    0.26    0.00    0.00    0.00   80.62
17:50:25       0   12.12    0.00    9.09    0.00    0.00    0.00    0.00    0.00    0.00   78.79
17:50:25       1    8.60    0.00   10.75    0.00    0.00    1.08    0.00    0.00    0.00   79.57
17:50:25       2    5.10    0.00    6.12    0.00    0.00    0.00    0.00    0.00    0.00   88.78
17:50:25       3   17.53    0.00    7.22    0.00    0.00    0.00    0.00    0.00    0.00   75.26

17:50:25     CPU    %usr   %nice    %sys %iowait    %irq   %soft  %steal  %guest  %gnice   %idle
17:50:26     all   13.77    0.00   10.91    0.26    0.00    0.26    0.00    0.00    0.00   74.81
17:50:26       0   18.56    0.00   12.37    0.00    0.00    0.00    0.00    0.00    0.00   69.07
17:50:26       1   19.35    0.00   13.98    0.00    0.00    1.08    0.00    0.00    0.00   65.59
17:50:26       2    6.25    0.00    8.33    0.00    0.00    0.00    0.00    0.00    0.00   85.42
17:50:26       3   11.11    0.00    9.09    1.01    0.00    0.00    0.00    0.00    0.00   78.79

17:50:26     CPU    %usr   %nice    %sys %iowait    %irq   %soft  %steal  %guest  %gnice   %idle
17:50:27     all   10.59    0.00    6.72    0.00    0.00    0.78    0.00    0.00    0.00   81.91
17:50:27       0    9.38    0.00    6.25    0.00    0.00    0.00    0.00    0.00    0.00   84.38
17:50:27       1   11.70    0.00    7.45    0.00    0.00    2.13    0.00    0.00    0.00   78.72
17:50:27       2    4.04    0.00    5.05    0.00    0.00    1.01    0.00    0.00    0.00   89.90
17:50:27       3   17.35    0.00    8.16    0.00    0.00    0.00    0.00    0.00    0.00   74.49

17:50:27     CPU    %usr   %nice    %sys %iowait    %irq   %soft  %steal  %guest  %gnice   %idle
17:50:28     all   13.02    0.00   10.42    0.00    0.00    0.00    0.00    0.00    0.00   76.56
17:50:28       0   13.40    0.00   14.43    0.00    0.00    0.00    0.00    0.00    0.00   72.16
17:50:28       1   18.48    0.00   10.87    0.00    0.00    0.00    0.00    0.00    0.00   70.65
17:50:28       2    6.19    0.00    9.28    0.00    0.00    0.00    0.00    0.00    0.00   84.54
17:50:28       3   14.29    0.00    7.14    0.00    0.00    0.00    0.00    0.00    0.00   78.57

17:50:28     CPU    %usr   %nice    %sys %iowait    %irq   %soft  %steal  %guest  %gnice   %idle
17:50:29     all   10.99    0.00    8.38    0.00    0.00    0.26    0.00    0.00    0.00   80.37
17:50:29       0   10.20    0.00    7.14    0.00    0.00    0.00    0.00    0.00    0.00   82.65
17:50:29       1    7.78    0.00   10.00    0.00    0.00    1.11    0.00    0.00    0.00   81.11
17:50:29       2    5.21    0.00    8.33    0.00    0.00    0.00    0.00    0.00    0.00   86.46
17:50:29       3   20.41    0.00    8.16    0.00    0.00    0.00    0.00    0.00    0.00   71.43

17:50:29     CPU    %usr   %nice    %sys %iowait    %irq   %soft  %steal  %guest  %gnice   %idle
17:50:30     all   12.31    0.00   10.51    0.00    0.00    0.77    0.00    0.00    0.00   76.41
17:50:30       0   20.00    0.00   15.00    0.00    0.00    0.00    0.00    0.00    0.00   65.00
17:50:30       1   12.77    0.00   10.64    0.00    0.00    2.13    0.00    0.00    0.00   74.47
17:50:30       2    6.19    0.00    7.22    0.00    0.00    0.00    0.00    0.00    0.00   86.60
17:50:30       3   10.10    0.00    9.09    0.00    0.00    1.01    0.00    0.00    0.00   79.80

17:50:30     CPU    %usr   %nice    %sys %iowait    %irq   %soft  %steal  %guest  %gnice   %idle
17:50:31     all   10.13    0.00    5.97    0.00    0.00    0.78    0.00    0.00    0.00   83.12
17:50:31       0    7.22    0.00    5.15    0.00    0.00    0.00    0.00    0.00    0.00   87.63
17:50:31       1    8.51    0.00    7.45    0.00    0.00    3.19    0.00    0.00    0.00   80.85
17:50:31       2    2.06    0.00    5.15    0.00    0.00    0.00    0.00    0.00    0.00   92.78
17:50:31       3   22.68    0.00    6.19    0.00    0.00    0.00    0.00    0.00    0.00   71.13

17:50:31     CPU    %usr   %nice    %sys %iowait    %irq   %soft  %steal  %guest  %gnice   %idle
17:50:32     all   12.44    0.00   11.92    0.00    0.00    0.78    0.00    0.00    0.00   74.87
17:50:32       0   15.46    0.00   11.34    0.00    0.00    0.00    0.00    0.00    0.00   73.20
17:50:32       1    9.57    0.00   11.70    0.00    0.00    2.13    0.00    0.00    0.00   76.60
17:50:32       2    8.25    0.00    8.25    0.00    0.00    1.03    0.00    0.00    0.00   82.47
17:50:32       3   16.33    0.00   16.33    0.00    0.00    0.00    0.00    0.00    0.00   67.35

17:50:32     CPU    %usr   %nice    %sys %iowait    %irq   %soft  %steal  %guest  %gnice   %idle
17:50:33     all    9.54    0.00    6.70    0.00    0.00    0.52    0.00    0.00    0.00   83.25
17:50:33       0    8.16    0.00    5.10    0.00    0.00    0.00    0.00    0.00    0.00   86.73
17:50:33       1    8.42    0.00    7.37    0.00    0.00    2.11    0.00    0.00    0.00   82.11
17:50:33       2    6.12    0.00    8.16    0.00    0.00    0.00    0.00    0.00    0.00   85.71
17:50:33       3   15.46    0.00    6.19    0.00    0.00    0.00    0.00    0.00    0.00   78.35

17:50:33     CPU    %usr   %nice    %sys %iowait    %irq   %soft  %steal  %guest  %gnice   %idle
17:50:34     all   12.69    0.00   10.88    0.26    0.00    0.52    0.00    0.00    0.00   75.65
17:50:34       0   24.24    0.00   12.12    0.00    0.00    0.00    0.00    0.00    0.00   63.64
17:50:34       1   11.83    0.00   11.83    1.08    0.00    2.15    0.00    0.00    0.00   73.12
17:50:34       2    7.29    0.00   11.46    0.00    0.00    0.00    0.00    0.00    0.00   81.25
17:50:34       3    7.14    0.00    8.16    0.00    0.00    0.00    0.00    0.00    0.00   84.69

17:50:34     CPU    %usr   %nice    %sys %iowait    %irq   %soft  %steal  %guest  %gnice   %idle
17:50:35     all   10.88    0.00    7.77    0.00    0.00    0.78    0.00    0.00    0.00   80.57
17:50:35       0    9.28    0.00    8.25    0.00    0.00    0.00    0.00    0.00    0.00   82.47
17:50:35       1   19.15    0.00   11.70    0.00    0.00    2.13    0.00    0.00    0.00   67.02
17:50:35       2    4.12    0.00    4.12    0.00    0.00    1.03    0.00    0.00    0.00   90.72
17:50:35       3   11.22    0.00    7.14    0.00    0.00    0.00    0.00    0.00    0.00   81.63

17:50:35     CPU    %usr   %nice    %sys %iowait    %irq   %soft  %steal  %guest  %gnice   %idle
17:50:36     all   12.11    0.00   10.57    0.00    0.00    1.03    0.00    0.00    0.00   76.29
17:50:36       0   12.37    0.00   10.31    0.00    0.00    0.00    0.00    0.00    0.00   77.32
17:50:36       1   18.75    0.00   14.58    0.00    0.00    4.17    0.00    0.00    0.00   62.50
17:50:36       2    6.19    0.00    8.25    0.00    0.00    0.00    0.00    0.00    0.00   85.57
17:50:36       3   11.22    0.00    9.18    0.00    0.00    0.00    0.00    0.00    0.00   79.59

17:50:36     CPU    %usr   %nice    %sys %iowait    %irq   %soft  %steal  %guest  %gnice   %idle
17:50:37     all   12.63    0.00    8.16    0.00    0.00    1.05    0.00    0.00    0.00   78.16
17:50:37       0   26.80    0.00   12.37    0.00    0.00    0.00    0.00    0.00    0.00   60.82
17:50:37       1    2.20    0.00    5.49    0.00    0.00    4.40    0.00    0.00    0.00   87.91
17:50:37       2    7.45    0.00    7.45    0.00    0.00    0.00    0.00    0.00    0.00   85.11
17:50:37       3   13.27    0.00    7.14    0.00    0.00    0.00    0.00    0.00    0.00   79.59

17:50:37     CPU    %usr   %nice    %sys %iowait    %irq   %soft  %steal  %guest  %gnice   %idle
17:50:38     all   10.91    0.00   10.41    0.00    0.00    1.78    0.00    0.00    0.00   76.90
17:50:38       0    9.09    0.00   10.10    0.00    0.00    0.00    0.00    0.00    0.00   80.81
17:50:38       1   13.13    0.00    8.08    0.00    0.00    6.06    0.00    0.00    0.00   72.73
17:50:38       2    8.16    0.00   13.27    0.00    0.00    0.00    0.00    0.00    0.00   78.57
17:50:38       3   13.27    0.00   10.20    0.00    0.00    1.02    0.00    0.00    0.00   75.51

Average:     CPU    %usr   %nice    %sys %iowait    %irq   %soft  %steal  %guest  %gnice   %idle
Average:     all   11.57    0.00    9.04    0.06    0.00    1.36    0.00    0.00    0.00   77.97
Average:       0   13.19    0.00    9.97    0.07    0.00    0.19    0.00    0.00    0.00   76.58
Average:       1   12.96    0.00    9.39    0.07    0.00    4.94    0.00    0.00    0.00   72.64
Average:       2    6.30    0.00    8.53    0.02    0.00    0.24    0.00    0.00    0.00   84.91
Average:       3   13.79    0.00    8.26    0.07    0.00    0.15    0.00    0.00    0.00   77.73
