Linux 7.0.0-31-generic (ubuntu-Latitude-3490) 	09/30/26 	_x86_64_	(4 CPU)

17:51:18     CPU    %usr   %nice    %sys %iowait    %irq   %soft  %steal  %guest  %gnice   %idle
17:51:19     all   48.44    0.00   10.68    0.00    0.00    0.78    0.00    0.00    0.00   40.10
17:51:19       0   79.59    0.00    3.06    0.00    0.00    0.00    0.00    0.00    0.00   17.35
17:51:19       1   41.49    0.00   18.09    0.00    0.00    1.06    0.00    0.00    0.00   39.36
17:51:19       2   40.21    0.00    9.28    0.00    0.00    1.03    0.00    0.00    0.00   49.48
17:51:19       3   31.58    0.00   12.63    0.00    0.00    1.05    0.00    0.00    0.00   54.74

17:51:19     CPU    %usr   %nice    %sys %iowait    %irq   %soft  %steal  %guest  %gnice   %idle
17:51:20     all   45.36    0.00    6.90    0.00    0.00    0.27    0.00    0.00    0.00   47.48
17:51:20       0   26.37    0.00    7.69    0.00    0.00    0.00    0.00    0.00    0.00   65.93
17:51:20       1   92.93    0.00    1.01    0.00    0.00    1.01    0.00    0.00    0.00    5.05
17:51:20       2   25.00    0.00    8.70    0.00    0.00    0.00    0.00    0.00    0.00   66.30
17:51:20       3   33.68    0.00   10.53    0.00    0.00    0.00    0.00    0.00    0.00   55.79

17:51:20     CPU    %usr   %nice    %sys %iowait    %irq   %soft  %steal  %guest  %gnice   %idle
17:51:21     all   48.71    0.00   12.63    0.00    0.00    1.03    0.00    0.00    0.00   37.63
17:51:21       0   36.08    0.00   17.53    0.00    0.00    0.00    0.00    0.00    0.00   46.39
17:51:21       1   29.17    0.00   16.67    0.00    0.00    4.17    0.00    0.00    0.00   50.00
17:51:21       2   30.53    0.00   14.74    0.00    0.00    0.00    0.00    0.00    0.00   54.74
17:51:21       3   97.00    0.00    2.00    0.00    0.00    0.00    0.00    0.00    0.00    1.00

17:51:21     CPU    %usr   %nice    %sys %iowait    %irq   %soft  %steal  %guest  %gnice   %idle
17:51:22     all   47.15    0.00    6.95    0.00    0.00    1.74    0.00    0.00    0.00   44.17
17:51:22       0   31.37    0.00    9.80    0.00    0.00    0.98    0.00    0.00    0.00   57.84
17:51:22       1   83.00    0.00    1.00    0.00    0.00    6.00    0.00    0.00    0.00   10.00
17:51:22       2   28.43    0.00    8.82    0.00    0.00    0.00    0.00    0.00    0.00   62.75
17:51:22       3   46.46    0.00    8.08    0.00    0.00    0.00    0.00    0.00    0.00   45.45

17:51:22     CPU    %usr   %nice    %sys %iowait    %irq   %soft  %steal  %guest  %gnice   %idle
17:51:23     all   47.15    0.00   10.17    0.00    0.00    0.74    0.00    0.00    0.00   41.94
17:51:23       0   33.66    0.00   15.84    0.00    0.00    0.00    0.00    0.00    0.00   50.50
17:51:23       1   63.73    0.00    5.88    0.00    0.00    2.94    0.00    0.00    0.00   27.45
17:51:23       2   32.32    0.00   10.10    0.00    0.00    0.00    0.00    0.00    0.00   57.58
17:51:23       3   58.42    0.00    8.91    0.00    0.00    0.00    0.00    0.00    0.00   32.67

17:51:23     CPU    %usr   %nice    %sys %iowait    %irq   %soft  %steal  %guest  %gnice   %idle
17:51:24     all   47.70    0.00   10.46    0.00    0.00    0.51    0.00    0.00    0.00   41.33
17:51:24       0   31.63    0.00   14.29    0.00    0.00    0.00    0.00    0.00    0.00   54.08
17:51:24       1   32.29    0.00   11.46    0.00    0.00    2.08    0.00    0.00    0.00   54.17
17:51:24       2   26.53    0.00   15.31    0.00    0.00    0.00    0.00    0.00    0.00   58.16
17:51:24       3   99.00    0.00    1.00    0.00    0.00    0.00    0.00    0.00    0.00    0.00

17:51:24     CPU    %usr   %nice    %sys %iowait    %irq   %soft  %steal  %guest  %gnice   %idle
17:51:25     all   46.11    0.00    8.03    0.26    0.00    0.78    0.00    0.00    0.00   44.82
17:51:25       0   28.12    0.00   12.50    1.04    0.00    0.00    0.00    0.00    0.00   58.33
17:51:25       1   30.11    0.00    6.45    0.00    0.00    1.08    0.00    0.00    0.00   62.37
17:51:25       2   25.00    0.00   12.50    0.00    0.00    1.04    0.00    0.00    0.00   61.46
17:51:25       3   98.02    0.00    0.99    0.00    0.00    0.99    0.00    0.00    0.00    0.00

17:51:25     CPU    %usr   %nice    %sys %iowait    %irq   %soft  %steal  %guest  %gnice   %idle
17:51:26     all   53.93    0.00   11.26    0.26    0.00    0.26    0.00    0.00    0.00   34.29
17:51:26       0   35.11    0.00   20.21    0.00    0.00    0.00    0.00    0.00    0.00   44.68
17:51:26       1   82.83    0.00    4.04    0.00    0.00    1.01    0.00    0.00    0.00   12.12
17:51:26       2   37.23    0.00   13.83    0.00    0.00    0.00    0.00    0.00    0.00   48.94
17:51:26       3   58.95    0.00    7.37    1.05    0.00    0.00    0.00    0.00    0.00   32.63

17:51:26     CPU    %usr   %nice    %sys %iowait    %irq   %soft  %steal  %guest  %gnice   %idle
17:51:27     all   47.49    0.00    7.92    0.00    0.00    0.26    0.00    0.00    0.00   44.33
17:51:27       0   29.47    0.00   11.58    0.00    0.00    0.00    0.00    0.00    0.00   58.95
17:51:27       1   53.19    0.00    8.51    0.00    0.00    1.06    0.00    0.00    0.00   37.23
17:51:27       2   27.96    0.00    9.68    0.00    0.00    0.00    0.00    0.00    0.00   62.37
17:51:27       3   78.35    0.00    2.06    0.00    0.00    0.00    0.00    0.00    0.00   19.59

17:51:27     CPU    %usr   %nice    %sys %iowait    %irq   %soft  %steal  %guest  %gnice   %idle
17:51:28     all   54.36    0.00   10.72    0.25    0.00    1.75    0.00    0.00    0.00   32.92
17:51:28       0   41.84    0.00   12.24    0.00    0.00    0.00    0.00    0.00    0.00   45.92
17:51:28       1   56.86    0.00    7.84    0.00    0.00    6.86    0.00    0.00    0.00   28.43
17:51:28       2   40.00    0.00   18.00    1.00    0.00    0.00    0.00    0.00    0.00   41.00
17:51:28       3   78.22    0.00    4.95    0.00    0.00    0.00    0.00    0.00    0.00   16.83

17:51:28     CPU    %usr   %nice    %sys %iowait    %irq   %soft  %steal  %guest  %gnice   %idle
17:51:29     all   47.00    0.00    7.00    0.00    0.00    1.50    0.00    0.00    0.00   44.50
17:51:29       0   34.00    0.00    9.00    0.00    0.00    0.00    0.00    0.00    0.00   57.00
17:51:29       1   38.00    0.00    5.00    0.00    0.00    5.00    0.00    0.00    0.00   52.00
17:51:29       2   29.70    0.00    9.90    0.00    0.00    0.99    0.00    0.00    0.00   59.41
17:51:29       3   86.87    0.00    4.04    0.00    0.00    0.00    0.00    0.00    0.00    9.09

17:51:29     CPU    %usr   %nice    %sys %iowait    %irq   %soft  %steal  %guest  %gnice   %idle
17:51:30     all   51.26    0.00   11.87    0.76    0.00    0.51    0.00    0.00    0.00   35.61
17:51:30       0   74.75    0.00   11.11    1.01    0.00    0.00    0.00    0.00    0.00   13.13
17:51:30       1   40.40    0.00   14.14    1.01    0.00    2.02    0.00    0.00    0.00   42.42
17:51:30       2   35.05    0.00   14.43    1.03    0.00    0.00    0.00    0.00    0.00   49.48
17:51:30       3   54.46    0.00    7.92    0.00    0.00    0.00    0.00    0.00    0.00   37.62

17:51:30     CPU    %usr   %nice    %sys %iowait    %irq   %soft  %steal  %guest  %gnice   %idle
17:51:31     all   48.19    0.00    8.29    0.00    0.00    0.78    0.00    0.00    0.00   42.75
17:51:31       0   84.69    0.00    5.10    0.00    0.00    0.00    0.00    0.00    0.00   10.20
17:51:31       1   38.14    0.00    9.28    0.00    0.00    3.09    0.00    0.00    0.00   49.48
17:51:31       2   45.83    0.00    4.17    0.00    0.00    0.00    0.00    0.00    0.00   50.00
17:51:31       3   23.16    0.00   14.74    0.00    0.00    0.00    0.00    0.00    0.00   62.11

17:51:31     CPU    %usr   %nice    %sys %iowait    %irq   %soft  %steal  %guest  %gnice   %idle
17:51:32     all   45.97    0.00   10.13    0.00    0.00    0.52    0.00    0.00    0.00   43.38
17:51:32       0   47.42    0.00   10.31    0.00    0.00    0.00    0.00    0.00    0.00   42.27
17:51:32       1   27.37    0.00   13.68    0.00    0.00    1.05    0.00    0.00    0.00   57.89
17:51:32       2   26.60    0.00   11.70    0.00    0.00    0.00    0.00    0.00    0.00   61.70
17:51:32       3   80.81    0.00    5.05    0.00    0.00    1.01    0.00    0.00    0.00   13.13

17:51:32     CPU    %usr   %nice    %sys %iowait    %irq   %soft  %steal  %guest  %gnice   %idle
17:51:33     all   44.97    0.00    7.67    0.00    0.00    0.26    0.00    0.00    0.00   47.09
17:51:33       0   23.40    0.00   13.83    0.00    0.00    0.00    0.00    0.00    0.00   62.77
17:51:33       1   28.26    0.00    8.70    0.00    0.00    1.09    0.00    0.00    0.00   61.96
17:51:33       2   24.18    0.00    7.69    0.00    0.00    0.00    0.00    0.00    0.00   68.13
17:51:33       3   99.01    0.00    0.99    0.00    0.00    0.00    0.00    0.00    0.00    0.00

17:51:33     CPU    %usr   %nice    %sys %iowait    %irq   %soft  %steal  %guest  %gnice   %idle
17:51:34     all   45.62    0.00    9.28    0.00    0.00    0.52    0.00    0.00    0.00   44.59
17:51:34       0   34.38    0.00    9.38    0.00    0.00    0.00    0.00    0.00    0.00   56.25
17:51:34       1   24.74    0.00   12.37    0.00    0.00    2.06    0.00    0.00    0.00   60.82
17:51:34       2   22.11    0.00   14.74    0.00    0.00    0.00    0.00    0.00    0.00   63.16
17:51:34       3   99.00    0.00    1.00    0.00    0.00    0.00    0.00    0.00    0.00    0.00

17:51:34     CPU    %usr   %nice    %sys %iowait    %irq   %soft  %steal  %guest  %gnice   %idle
17:51:35     all   46.81    0.00    9.31    0.00    0.00    1.47    0.00    0.00    0.00   42.40
17:51:35       0   32.35    0.00   11.76    0.00    0.00    0.00    0.00    0.00    0.00   55.88
17:51:35       1   27.62    0.00   13.33    0.00    0.00    5.71    0.00    0.00    0.00   53.33
17:51:35       2   31.68    0.00    9.90    0.00    0.00    0.00    0.00    0.00    0.00   58.42
17:51:35       3   97.00    0.00    2.00    0.00    0.00    0.00    0.00    0.00    0.00    1.00

17:51:35     CPU    %usr   %nice    %sys %iowait    %irq   %soft  %steal  %guest  %gnice   %idle
17:51:36     all   47.01    0.00    9.20    0.00    0.00    0.75    0.00    0.00    0.00   43.03
17:51:36       0   36.63    0.00   12.87    0.00    0.00    0.00    0.00    0.00    0.00   50.50
17:51:36       1   25.74    0.00    9.90    0.00    0.00    2.97    0.00    0.00    0.00   61.39
17:51:36       2   26.26    0.00   13.13    0.00    0.00    0.00    0.00    0.00    0.00   60.61
17:51:36       3   99.01    0.00    0.99    0.00    0.00    0.00    0.00    0.00    0.00    0.00

17:51:36     CPU    %usr   %nice    %sys %iowait    %irq   %soft  %steal  %guest  %gnice   %idle
17:51:37     all   46.41    0.00    9.74    0.00    0.00    0.51    0.00    0.00    0.00   43.33
17:51:37       0   27.08    0.00   14.58    0.00    0.00    0.00    0.00    0.00    0.00   58.33
17:51:37       1   32.65    0.00   14.29    0.00    0.00    2.04    0.00    0.00    0.00   51.02
17:51:37       2   25.77    0.00    9.28    0.00    0.00    0.00    0.00    0.00    0.00   64.95
17:51:37       3   98.99    0.00    1.01    0.00    0.00    0.00    0.00    0.00    0.00    0.00

17:51:37     CPU    %usr   %nice    %sys %iowait    %irq   %soft  %steal  %guest  %gnice   %idle
17:51:38     all   43.73    0.00    6.65    0.51    0.00    1.28    0.00    0.00    0.00   47.83
17:51:38       0   28.00    0.00    6.00    1.00    0.00    1.00    0.00    0.00    0.00   64.00
17:51:38       1   27.55    0.00   12.24    1.02    0.00    3.06    0.00    0.00    0.00   56.12
17:51:38       2   18.09    0.00    8.51    0.00    0.00    1.06    0.00    0.00    0.00   72.34
17:51:38       3  100.00    0.00    0.00    0.00    0.00    0.00    0.00    0.00    0.00    0.00

17:51:38     CPU    %usr   %nice    %sys %iowait    %irq   %soft  %steal  %guest  %gnice   %idle
17:51:39     all   45.83    0.00   12.50    0.00    0.00    0.52    0.00    0.00    0.00   41.15
17:51:39       0   43.16    0.00   16.84    0.00    0.00    0.00    0.00    0.00    0.00   40.00
17:51:39       1   43.30    0.00    9.28    0.00    0.00    2.06    0.00    0.00    0.00   45.36
17:51:39       2   31.91    0.00   13.83    0.00    0.00    0.00    0.00    0.00    0.00   54.26
17:51:39       3   64.29    0.00   10.20    0.00    0.00    0.00    0.00    0.00    0.00   25.51

17:51:39     CPU    %usr   %nice    %sys %iowait    %irq   %soft  %steal  %guest  %gnice   %idle
17:51:40     all   43.92    0.00    5.82    0.00    0.00    0.26    0.00    0.00    0.00   50.00
17:51:40       0   26.32    0.00   11.58    0.00    0.00    0.00    0.00    0.00    0.00   62.11
17:51:40       1   31.52    0.00    5.43    0.00    0.00    0.00    0.00    0.00    0.00   63.04
17:51:40       2   27.17    0.00    4.35    0.00    0.00    0.00    0.00    0.00    0.00   68.48
17:51:40       3   87.88    0.00    2.02    0.00    0.00    1.01    0.00    0.00    0.00    9.09

17:51:40     CPU    %usr   %nice    %sys %iowait    %irq   %soft  %steal  %guest  %gnice   %idle
17:51:41     all   46.06    0.00   10.69    0.00    0.00    1.27    0.00    0.00    0.00   41.98
17:51:41       0   91.00    0.00    2.00    0.00    0.00    0.00    0.00    0.00    0.00    7.00
17:51:41       1   30.30    0.00   12.12    0.00    0.00    5.05    0.00    0.00    0.00   52.53
17:51:41       2   24.21    0.00   10.53    0.00    0.00    0.00    0.00    0.00    0.00   65.26
17:51:41       3   37.37    0.00   18.18    0.00    0.00    0.00    0.00    0.00    0.00   44.44

17:51:41     CPU    %usr   %nice    %sys %iowait    %irq   %soft  %steal  %guest  %gnice   %idle
17:51:42     all   45.54    0.00    7.92    0.00    0.00    1.24    0.00    0.00    0.00   45.30
17:51:42       0   91.00    0.00    3.00    0.00    0.00    0.00    0.00    0.00    0.00    6.00
17:51:42       1   29.81    0.00   10.58    0.00    0.00    4.81    0.00    0.00    0.00   54.81
17:51:42       2   29.29    0.00   10.10    0.00    0.00    0.00    0.00    0.00    0.00   60.61
17:51:42       3   32.67    0.00    7.92    0.00    0.00    0.00    0.00    0.00    0.00   59.41

17:51:42     CPU    %usr   %nice    %sys %iowait    %irq   %soft  %steal  %guest  %gnice   %idle
17:51:43     all   45.86    0.00   10.28    0.00    0.00    1.00    0.00    0.00    0.00   42.86
17:51:43       0   93.00    0.00    4.00    0.00    0.00    0.00    0.00    0.00    0.00    3.00
17:51:43       1   33.00    0.00   13.00    0.00    0.00    4.00    0.00    0.00    0.00   50.00
17:51:43       2   29.29    0.00    9.09    0.00    0.00    0.00    0.00    0.00    0.00   61.62
17:51:43       3   28.00    0.00   15.00    0.00    0.00    0.00    0.00    0.00    0.00   57.00

17:51:43     CPU    %usr   %nice    %sys %iowait    %irq   %soft  %steal  %guest  %gnice   %idle
17:51:44     all   45.24    0.00    6.68    0.00    0.00    0.51    0.00    0.00    0.00   47.56
17:51:44       0   89.00    0.00    2.00    0.00    0.00    0.00    0.00    0.00    0.00    9.00
17:51:44       1   32.99    0.00    8.25    0.00    0.00    2.06    0.00    0.00    0.00   56.70
17:51:44       2   36.84    0.00    5.26    0.00    0.00    0.00    0.00    0.00    0.00   57.89
17:51:44       3   20.62    0.00   11.34    0.00    0.00    0.00    0.00    0.00    0.00   68.04

17:51:44     CPU    %usr   %nice    %sys %iowait    %irq   %soft  %steal  %guest  %gnice   %idle
17:51:45     all   46.67    0.00   11.03    0.00    0.00    0.77    0.00    0.00    0.00   41.54
17:51:45       0   61.62    0.00    8.08    0.00    0.00    0.00    0.00    0.00    0.00   30.30
17:51:45       1   37.11    0.00   11.34    0.00    0.00    2.06    0.00    0.00    0.00   49.48
17:51:45       2   36.84    0.00    6.32    0.00    0.00    0.00    0.00    0.00    0.00   56.84
17:51:45       3   50.51    0.00   18.18    0.00    0.00    1.01    0.00    0.00    0.00   30.30

17:51:45     CPU    %usr   %nice    %sys %iowait    %irq   %soft  %steal  %guest  %gnice   %idle
17:51:46     all   45.26    0.00    7.11    0.00    0.00    0.26    0.00    0.00    0.00   47.37
17:51:46       0   24.73    0.00    9.68    0.00    0.00    0.00    0.00    0.00    0.00   65.59
17:51:46       1   97.98    0.00    1.01    0.00    0.00    1.01    0.00    0.00    0.00    0.00
17:51:46       2   30.85    0.00   10.64    0.00    0.00    0.00    0.00    0.00    0.00   58.51
17:51:46       3   24.47    0.00    7.45    0.00    0.00    0.00    0.00    0.00    0.00   68.09

17:51:46     CPU    %usr   %nice    %sys %iowait    %irq   %soft  %steal  %guest  %gnice   %idle
17:51:47     all   43.98    0.00    8.12    0.00    0.00    0.52    0.00    0.00    0.00   47.38
17:51:47       0   27.37    0.00   14.74    0.00    0.00    0.00    0.00    0.00    0.00   57.89
17:51:47       1   97.03    0.00    1.98    0.00    0.00    0.99    0.00    0.00    0.00    0.00
17:51:47       2   24.47    0.00   10.64    0.00    0.00    1.06    0.00    0.00    0.00   63.83
17:51:47       3   22.83    0.00    5.43    0.00    0.00    0.00    0.00    0.00    0.00   71.74

17:51:47     CPU    %usr   %nice    %sys %iowait    %irq   %soft  %steal  %guest  %gnice   %idle
17:51:48     all   46.60    0.00   10.33    0.00    0.00    1.51    0.00    0.00    0.00   41.56
17:51:48       0   31.31    0.00   14.14    0.00    0.00    0.00    0.00    0.00    0.00   54.55
17:51:48       1   39.60    0.00    9.90    0.00    0.00    4.95    0.00    0.00    0.00   45.54
17:51:48       2   22.68    0.00   13.40    0.00    0.00    0.00    0.00    0.00    0.00   63.92
17:51:48       3   92.00    0.00    4.00    0.00    0.00    1.00    0.00    0.00    0.00    3.00

17:51:48     CPU    %usr   %nice    %sys %iowait    %irq   %soft  %steal  %guest  %gnice   %idle
17:51:49     all   46.44    0.00    5.90    0.25    0.00    1.23    0.00    0.00    0.00   46.19
17:51:49       0   28.00    0.00    8.00    1.00    0.00    0.00    0.00    0.00    0.00   63.00
17:51:49       1   25.23    0.00    7.48    0.00    0.00    4.67    0.00    0.00    0.00   62.62
17:51:49       2   34.00    0.00    8.00    0.00    0.00    0.00    0.00    0.00    0.00   58.00
17:51:49       3  100.00    0.00    0.00    0.00    0.00    0.00    0.00    0.00    0.00    0.00

17:51:49     CPU    %usr   %nice    %sys %iowait    %irq   %soft  %steal  %guest  %gnice   %idle
17:51:50     all   46.95    0.00    9.90    0.00    0.00    1.27    0.00    0.00    0.00   41.88
17:51:50       0   41.41    0.00   13.13    0.00    0.00    0.00    0.00    0.00    0.00   45.45
17:51:50       1   32.65    0.00    9.18    0.00    0.00    4.08    0.00    0.00    0.00   54.08
17:51:50       2   30.61    0.00   11.22    0.00    0.00    1.02    0.00    0.00    0.00   57.14
17:51:50       3   82.83    0.00    6.06    0.00    0.00    0.00    0.00    0.00    0.00   11.11

17:51:50     CPU    %usr   %nice    %sys %iowait    %irq   %soft  %steal  %guest  %gnice   %idle
17:51:51     all   44.73    0.00    7.20    0.00    0.00    0.51    0.00    0.00    0.00   47.56
17:51:51       0   93.94    0.00    2.02    0.00    0.00    0.00    0.00    0.00    0.00    4.04
17:51:51       1   27.55    0.00    8.16    0.00    0.00    2.04    0.00    0.00    0.00   62.24
17:51:51       2   27.37    0.00   10.53    0.00    0.00    0.00    0.00    0.00    0.00   62.11
17:51:51       3   28.87    0.00    8.25    0.00    0.00    0.00    0.00    0.00    0.00   62.89

17:51:51     CPU    %usr   %nice    %sys %iowait    %irq   %soft  %steal  %guest  %gnice   %idle
17:51:52     all   51.41    0.00   11.05    0.00    0.00    0.51    0.00    0.00    0.00   37.02
17:51:52       0   83.00    0.00    7.00    0.00    0.00    0.00    0.00    0.00    0.00   10.00
17:51:52       1   35.05    0.00   14.43    0.00    0.00    2.06    0.00    0.00    0.00   48.45
17:51:52       2   37.89    0.00   14.74    0.00    0.00    0.00    0.00    0.00    0.00   47.37
17:51:52       3   48.45    0.00    8.25    0.00    0.00    0.00    0.00    0.00    0.00   43.30

17:51:52     CPU    %usr   %nice    %sys %iowait    %irq   %soft  %steal  %guest  %gnice   %idle
17:51:53     all   44.59    0.00    6.33    0.00    0.00    0.26    0.00    0.00    0.00   48.81
17:51:53       0   30.53    0.00    6.32    0.00    0.00    0.00    0.00    0.00    0.00   63.16
17:51:53       1   22.83    0.00    8.70    0.00    0.00    0.00    0.00    0.00    0.00   68.48
17:51:53       2   21.74    0.00   10.87    0.00    0.00    0.00    0.00    0.00    0.00   67.39
17:51:53       3   99.00    0.00    0.00    0.00    0.00    1.00    0.00    0.00    0.00    0.00

17:51:53     CPU    %usr   %nice    %sys %iowait    %irq   %soft  %steal  %guest  %gnice   %idle
17:51:54     all   45.43    0.00   11.75    0.00    0.00    0.52    0.00    0.00    0.00   42.30
17:51:54       0   31.96    0.00   15.46    0.00    0.00    0.00    0.00    0.00    0.00   52.58
17:51:54       1   24.73    0.00   15.05    0.00    0.00    1.08    0.00    0.00    0.00   59.14
17:51:54       2   23.40    0.00   15.96    0.00    0.00    1.06    0.00    0.00    0.00   59.57
17:51:54       3   98.99    0.00    1.01    0.00    0.00    0.00    0.00    0.00    0.00    0.00

17:51:54     CPU    %usr   %nice    %sys %iowait    %irq   %soft  %steal  %guest  %gnice   %idle
17:51:55     all   45.69    0.00    6.85    0.00    0.00    1.02    0.00    0.00    0.00   46.45
17:51:55       0   29.90    0.00    8.25    0.00    0.00    0.00    0.00    0.00    0.00   61.86
17:51:55       1   56.44    0.00    6.93    0.00    0.00    3.96    0.00    0.00    0.00   32.67
17:51:55       2   28.57    0.00   10.20    0.00    0.00    0.00    0.00    0.00    0.00   61.22
17:51:55       3   67.35    0.00    2.04    0.00    0.00    0.00    0.00    0.00    0.00   30.61

17:51:55     CPU    %usr   %nice    %sys %iowait    %irq   %soft  %steal  %guest  %gnice   %idle
17:51:56     all   46.45    0.00    8.31    0.24    0.00    1.22    0.00    0.00    0.00   43.77
17:51:56       0   27.18    0.00   12.62    0.00    0.00    0.00    0.00    0.00    0.00   60.19
17:51:56       1   32.04    0.00   10.68    0.97    0.00    4.85    0.00    0.00    0.00   51.46
17:51:56       2   28.43    0.00    8.82    0.00    0.00    0.00    0.00    0.00    0.00   62.75
17:51:56       3   99.01    0.00    0.99    0.00    0.00    0.00    0.00    0.00    0.00    0.00

17:51:56     CPU    %usr   %nice    %sys %iowait    %irq   %soft  %steal  %guest  %gnice   %idle
17:51:57     all   47.36    0.00    9.57    0.00    0.00    1.01    0.00    0.00    0.00   42.07
17:51:57       0   87.00    0.00    7.00    0.00    0.00    0.00    0.00    0.00    0.00    6.00
17:51:57       1   36.36    0.00   10.10    0.00    0.00    3.03    0.00    0.00    0.00   50.51
17:51:57       2   38.78    0.00    8.16    0.00    0.00    0.00    0.00    0.00    0.00   53.06
17:51:57       3   27.00    0.00   13.00    0.00    0.00    1.00    0.00    0.00    0.00   59.00

17:51:57     CPU    %usr   %nice    %sys %iowait    %irq   %soft  %steal  %guest  %gnice   %idle
17:51:58     all   45.27    0.00    6.65    0.00    0.00    0.77    0.00    0.00    0.00   47.31
17:51:58       0   83.84    0.00    1.01    0.00    0.00    0.00    0.00    0.00    0.00   15.15
17:51:58       1   32.65    0.00    6.12    0.00    0.00    3.06    0.00    0.00    0.00   58.16
17:51:58       2   28.42    0.00    7.37    0.00    0.00    0.00    0.00    0.00    0.00   64.21
17:51:58       3   35.35    0.00   12.12    0.00    0.00    0.00    0.00    0.00    0.00   52.53

17:51:58     CPU    %usr   %nice    %sys %iowait    %irq   %soft  %steal  %guest  %gnice   %idle
17:51:59     all   46.37    0.00   10.36    0.00    0.00    0.52    0.00    0.00    0.00   42.75
17:51:59       0   32.63    0.00   14.74    0.00    0.00    0.00    0.00    0.00    0.00   52.63
17:51:59       1   80.81    0.00    4.04    0.00    0.00    2.02    0.00    0.00    0.00   13.13
17:51:59       2   27.08    0.00   15.62    0.00    0.00    0.00    0.00    0.00    0.00   57.29
17:51:59       3   43.75    0.00    7.29    0.00    0.00    0.00    0.00    0.00    0.00   48.96

17:51:59     CPU    %usr   %nice    %sys %iowait    %irq   %soft  %steal  %guest  %gnice   %idle
17:52:00     all   45.03    0.00    7.59    0.00    0.00    0.52    0.00    0.00    0.00   46.86
17:52:00       0   32.63    0.00    9.47    0.00    0.00    0.00    0.00    0.00    0.00   57.89
17:52:00       1   22.34    0.00    9.57    0.00    0.00    2.13    0.00    0.00    0.00   65.96
17:52:00       2   22.58    0.00   10.75    0.00    0.00    0.00    0.00    0.00    0.00   66.67
17:52:00       3   99.00    0.00    1.00    0.00    0.00    0.00    0.00    0.00    0.00    0.00

17:52:00     CPU    %usr   %nice    %sys %iowait    %irq   %soft  %steal  %guest  %gnice   %idle
17:52:01     all   45.81    0.00   11.26    0.00    0.00    0.52    0.00    0.00    0.00   42.41
17:52:01       0   27.37    0.00   15.79    0.00    0.00    0.00    0.00    0.00    0.00   56.84
17:52:01       1   27.66    0.00   19.15    0.00    0.00    1.06    0.00    0.00    0.00   52.13
17:52:01       2   25.81    0.00    9.68    0.00    0.00    1.08    0.00    0.00    0.00   63.44
17:52:01       3   99.00    0.00    1.00    0.00    0.00    0.00    0.00    0.00    0.00    0.00

17:52:01     CPU    %usr   %nice    %sys %iowait    %irq   %soft  %steal  %guest  %gnice   %idle
17:52:02     all   43.08    0.00    7.44    0.00    0.00    0.77    0.00    0.00    0.00   48.72
17:52:02       0   27.84    0.00    9.28    0.00    0.00    0.00    0.00    0.00    0.00   62.89
17:52:02       1   59.79    0.00    6.19    0.00    0.00    3.09    0.00    0.00    0.00   30.93
17:52:02       2   25.26    0.00    8.42    0.00    0.00    0.00    0.00    0.00    0.00   66.32
17:52:02       3   58.42    0.00    5.94    0.00    0.00    0.00    0.00    0.00    0.00   35.64

17:52:02     CPU    %usr   %nice    %sys %iowait    %irq   %soft  %steal  %guest  %gnice   %idle
17:52:03     all   47.65    0.00   11.60    0.00    0.00    1.23    0.00    0.00    0.00   39.51
17:52:03       0   35.92    0.00   13.59    0.00    0.00    0.00    0.00    0.00    0.00   50.49
17:52:03       1   88.00    0.00    2.00    0.00    0.00    5.00    0.00    0.00    0.00    5.00
17:52:03       2   28.43    0.00   17.65    0.00    0.00    0.00    0.00    0.00    0.00   53.92
17:52:03       3   39.00    0.00   13.00    0.00    0.00    0.00    0.00    0.00    0.00   48.00

17:52:03     CPU    %usr   %nice    %sys %iowait    %irq   %soft  %steal  %guest  %gnice   %idle
17:52:04     all   45.39    0.00    6.73    0.00    0.00    1.00    0.00    0.00    0.00   46.88
17:52:04       0   28.71    0.00   11.88    0.00    0.00    0.00    0.00    0.00    0.00   59.41
17:52:04       1   26.47    0.00    6.86    0.00    0.00    3.92    0.00    0.00    0.00   62.75
17:52:04       2   27.55    0.00    7.14    0.00    0.00    0.00    0.00    0.00    0.00   65.31
17:52:04       3   99.00    0.00    1.00    0.00    0.00    0.00    0.00    0.00    0.00    0.00

17:52:04     CPU    %usr   %nice    %sys %iowait    %irq   %soft  %steal  %guest  %gnice   %idle
17:52:05     all   47.33    0.00   10.18    0.00    0.00    0.51    0.00    0.00    0.00   41.98
17:52:05       0   34.69    0.00   12.24    0.00    0.00    0.00    0.00    0.00    0.00   53.06
17:52:05       1   34.69    0.00   11.22    0.00    0.00    2.04    0.00    0.00    0.00   52.04
17:52:05       2   27.55    0.00   12.24    0.00    0.00    0.00    0.00    0.00    0.00   60.20
17:52:05       3   91.92    0.00    5.05    0.00    0.00    0.00    0.00    0.00    0.00    3.03

17:52:05     CPU    %usr   %nice    %sys %iowait    %irq   %soft  %steal  %guest  %gnice   %idle
17:52:06     all   46.13    0.00    8.25    0.26    0.00    0.52    0.00    0.00    0.00   44.85
17:52:06       0   28.57    0.00   13.27    1.02    0.00    0.00    0.00    0.00    0.00   57.14
17:52:06       1   36.46    0.00    4.17    0.00    0.00    2.08    0.00    0.00    0.00   57.29
17:52:06       2   23.16    0.00   13.68    0.00    0.00    0.00    0.00    0.00    0.00   63.16
17:52:06       3   94.95    0.00    2.02    0.00    0.00    0.00    0.00    0.00    0.00    3.03

17:52:06     CPU    %usr   %nice    %sys %iowait    %irq   %soft  %steal  %guest  %gnice   %idle
17:52:07     all   44.79    0.00    9.64    0.00    0.00    0.26    0.00    0.00    0.00   45.31
17:52:07       0   74.49    0.00    8.16    0.00    0.00    0.00    0.00    0.00    0.00   17.35
17:52:07       1   32.26    0.00   10.75    0.00    0.00    0.00    0.00    0.00    0.00   56.99
17:52:07       2   30.53    0.00    8.42    0.00    0.00    0.00    0.00    0.00    0.00   61.05
17:52:07       3   40.82    0.00   11.22    0.00    0.00    1.02    0.00    0.00    0.00   46.94

17:52:07     CPU    %usr   %nice    %sys %iowait    %irq   %soft  %steal  %guest  %gnice   %idle
17:52:08     all   44.06    0.00    7.65    0.00    0.00    0.53    0.00    0.00    0.00   47.76
17:52:08       0   23.40    0.00   10.64    0.00    0.00    0.00    0.00    0.00    0.00   65.96
17:52:08       1   29.79    0.00    9.57    0.00    0.00    2.13    0.00    0.00    0.00   58.51
17:52:08       2   23.91    0.00    9.78    0.00    0.00    0.00    0.00    0.00    0.00   66.30
17:52:08       3   95.96    0.00    1.01    0.00    0.00    0.00    0.00    0.00    0.00    3.03

17:52:08     CPU    %usr   %nice    %sys %iowait    %irq   %soft  %steal  %guest  %gnice   %idle
17:52:09     all   45.55    0.00    9.16    0.00    0.00    0.26    0.00    0.00    0.00   45.03
17:52:09       0   30.85    0.00   12.77    0.00    0.00    0.00    0.00    0.00    0.00   56.38
17:52:09       1   26.88    0.00   10.75    0.00    0.00    1.08    0.00    0.00    0.00   61.29
17:52:09       2   22.34    0.00   11.70    0.00    0.00    0.00    0.00    0.00    0.00   65.96
17:52:09       3   98.02    0.00    1.98    0.00    0.00    0.00    0.00    0.00    0.00    0.00

17:52:09     CPU    %usr   %nice    %sys %iowait    %irq   %soft  %steal  %guest  %gnice   %idle
17:52:10     all   46.17    0.00    9.14    0.00    0.00    1.48    0.00    0.00    0.00   43.21
17:52:10       0   30.39    0.00   12.75    0.00    0.00    0.00    0.00    0.00    0.00   56.86
17:52:10       1   28.16    0.00    7.77    0.00    0.00    5.83    0.00    0.00    0.00   58.25
17:52:10       2   28.00    0.00   15.00    0.00    0.00    0.00    0.00    0.00    0.00   57.00
17:52:10       3   99.00    0.00    1.00    0.00    0.00    0.00    0.00    0.00    0.00    0.00

17:52:10     CPU    %usr   %nice    %sys %iowait    %irq   %soft  %steal  %guest  %gnice   %idle
17:52:11     all   45.41    0.00    7.94    0.00    0.00    1.24    0.00    0.00    0.00   45.41
17:52:11       0   26.26    0.00   14.14    0.00    0.00    0.00    0.00    0.00    0.00   59.60
17:52:11       1   31.07    0.00    6.80    0.00    0.00    4.85    0.00    0.00    0.00   57.28
17:52:11       2   25.74    0.00    9.90    0.00    0.00    0.00    0.00    0.00    0.00   64.36
17:52:11       3   99.00    0.00    1.00    0.00    0.00    0.00    0.00    0.00    0.00    0.00

17:52:11     CPU    %usr   %nice    %sys %iowait    %irq   %soft  %steal  %guest  %gnice   %idle
17:52:12     all   47.49    0.00   11.06    0.00    0.00    0.50    0.00    0.00    0.00   40.95
17:52:12       0   46.00    0.00   12.00    0.00    0.00    0.00    0.00    0.00    0.00   42.00
17:52:12       1   78.00    0.00    6.00    0.00    0.00    2.00    0.00    0.00    0.00   14.00
17:52:12       2   30.00    0.00   17.00    0.00    0.00    0.00    0.00    0.00    0.00   53.00
17:52:12       3   35.71    0.00    9.18    0.00    0.00    0.00    0.00    0.00    0.00   55.10

17:52:12     CPU    %usr   %nice    %sys %iowait    %irq   %soft  %steal  %guest  %gnice   %idle
17:52:13     all   44.10    0.00    6.41    0.00    0.00    0.77    0.00    0.00    0.00   48.72
17:52:13       0   95.05    0.00    1.98    0.00    0.00    0.00    0.00    0.00    0.00    2.97
17:52:13       1   24.74    0.00    8.25    0.00    0.00    2.06    0.00    0.00    0.00   64.95
17:52:13       2   27.37    0.00    8.42    0.00    0.00    1.05    0.00    0.00    0.00   63.16
17:52:13       3   26.80    0.00    7.22    0.00    0.00    0.00    0.00    0.00    0.00   65.98

17:52:13     CPU    %usr   %nice    %sys %iowait    %irq   %soft  %steal  %guest  %gnice   %idle
17:52:14     all   46.51    0.00   10.34    0.26    0.00    0.52    0.00    0.00    0.00   42.38
17:52:14       0   91.00    0.00    2.00    0.00    0.00    0.00    0.00    0.00    0.00    7.00
17:52:14       1   24.47    0.00   13.83    0.00    0.00    2.13    0.00    0.00    0.00   59.57
17:52:14       2   32.63    0.00   12.63    0.00    0.00    0.00    0.00    0.00    0.00   54.74
17:52:14       3   35.71    0.00   13.27    1.02    0.00    0.00    0.00    0.00    0.00   50.00

17:52:14     CPU    %usr   %nice    %sys %iowait    %irq   %soft  %steal  %guest  %gnice   %idle
17:52:15     all   45.36    0.00    7.69    0.00    0.00    0.27    0.00    0.00    0.00   46.68
17:52:15       0   94.90    0.00    2.04    0.00    0.00    0.00    0.00    0.00    0.00    3.06
17:52:15       1   31.18    0.00    8.60    0.00    0.00    1.08    0.00    0.00    0.00   59.14
17:52:15       2   27.17    0.00    8.70    0.00    0.00    0.00    0.00    0.00    0.00   64.13
17:52:15       3   25.53    0.00   11.70    0.00    0.00    0.00    0.00    0.00    0.00   62.77

17:52:15     CPU    %usr   %nice    %sys %iowait    %irq   %soft  %steal  %guest  %gnice   %idle
17:52:16     all   45.14    0.00   10.50    0.00    0.00    0.52    0.00    0.00    0.00   43.83
17:52:16       0   77.78    0.00    8.08    0.00    0.00    0.00    0.00    0.00    0.00   14.14
17:52:16       1   34.04    0.00   12.77    0.00    0.00    2.13    0.00    0.00    0.00   51.06
17:52:16       2   37.23    0.00   11.70    0.00    0.00    0.00    0.00    0.00    0.00   51.06
17:52:16       3   29.79    0.00    9.57    0.00    0.00    0.00    0.00    0.00    0.00   60.64

17:52:16     CPU    %usr   %nice    %sys %iowait    %irq   %soft  %steal  %guest  %gnice   %idle
17:52:17     all   43.96    0.00    6.68    0.00    0.00    1.03    0.00    0.00    0.00   48.33
17:52:17       0   32.99    0.00    9.28    0.00    0.00    0.00    0.00    0.00    0.00   57.73
17:52:17       1   95.96    0.00    0.00    0.00    0.00    3.03    0.00    0.00    0.00    1.01
17:52:17       2   24.21    0.00    9.47    0.00    0.00    0.00    0.00    0.00    0.00   66.32
17:52:17       3   21.43    0.00    8.16    0.00    0.00    1.02    0.00    0.00    0.00   69.39

17:52:17     CPU    %usr   %nice    %sys %iowait    %irq   %soft  %steal  %guest  %gnice   %idle
17:52:18     all   47.30    0.00   11.27    0.25    0.00    1.23    0.00    0.00    0.00   39.95
17:52:18       0   28.85    0.00   20.19    0.00    0.00    0.00    0.00    0.00    0.00   50.96
17:52:18       1   33.33    0.00    7.62    0.95    0.00    4.76    0.00    0.00    0.00   53.33
17:52:18       2   30.00    0.00   16.00    0.00    0.00    0.00    0.00    0.00    0.00   54.00
17:52:18       3   98.99    0.00    1.01    0.00    0.00    0.00    0.00    0.00    0.00    0.00

Average:     CPU    %usr   %nice    %sys %iowait    %irq   %soft  %steal  %guest  %gnice   %idle
Average:     all   46.43    0.00    9.00    0.06    0.00    0.78    0.00    0.00    0.00   43.73
Average:       0   47.08    0.00   10.14    0.08    0.00    0.03    0.00    0.00    0.00   42.66
Average:       1   42.19    0.00    8.95    0.07    0.00    2.77    0.00    0.00    0.00   46.02
Average:       2   29.00    0.00   11.00    0.03    0.00    0.16    0.00    0.00    0.00   59.81
Average:       3   67.02    0.00    5.96    0.03    0.00    0.17    0.00    0.00    0.00   26.82
