Linux 7.0.0-31-generic (ubuntu-Latitude-3490) 	09/30/26 	_x86_64_	(4 CPU)

17:53:06     CPU    %usr   %nice    %sys %iowait    %irq   %soft  %steal  %guest  %gnice   %idle
17:53:07     all   47.59    0.00   11.90    0.00    0.00    1.27    0.00    0.00    0.00   39.24
17:53:07       0   83.00    0.00    7.00    0.00    0.00    0.00    0.00    0.00    0.00   10.00
17:53:07       1   39.39    0.00   15.15    0.00    0.00    5.05    0.00    0.00    0.00   40.40
17:53:07       2   32.99    0.00   12.37    0.00    0.00    0.00    0.00    0.00    0.00   54.64
17:53:07       3   34.34    0.00   13.13    0.00    0.00    0.00    0.00    0.00    0.00   52.53

17:53:07     CPU    %usr   %nice    %sys %iowait    %irq   %soft  %steal  %guest  %gnice   %idle
17:53:08     all   45.16    0.00    8.19    0.00    0.00    0.99    0.00    0.00    0.00   45.66
17:53:08       0   31.37    0.00   10.78    0.00    0.00    0.00    0.00    0.00    0.00   57.84
17:53:08       1   95.00    0.00    1.00    0.00    0.00    4.00    0.00    0.00    0.00    0.00
17:53:08       2   29.00    0.00   10.00    0.00    0.00    0.00    0.00    0.00    0.00   61.00
17:53:08       3   25.74    0.00   10.89    0.00    0.00    0.00    0.00    0.00    0.00   63.37

17:53:08     CPU    %usr   %nice    %sys %iowait    %irq   %soft  %steal  %guest  %gnice   %idle
17:53:09     all   48.10    0.00   11.90    0.00    0.00    1.27    0.00    0.00    0.00   38.73
17:53:09       0   65.98    0.00   12.37    0.00    0.00    0.00    0.00    0.00    0.00   21.65
17:53:09       1   52.48    0.00    6.93    0.00    0.00    3.96    0.00    0.00    0.00   36.63
17:53:09       2   33.33    0.00   14.58    0.00    0.00    0.00    0.00    0.00    0.00   52.08
17:53:09       3   40.59    0.00   13.86    0.00    0.00    0.99    0.00    0.00    0.00   44.55

17:53:09     CPU    %usr   %nice    %sys %iowait    %irq   %soft  %steal  %guest  %gnice   %idle
17:53:10     all   45.69    0.00    7.36    0.00    0.00    0.51    0.00    0.00    0.00   46.45
17:53:10       0   21.43    0.00   12.24    0.00    0.00    0.00    0.00    0.00    0.00   66.33
17:53:10       1   96.97    0.00    1.01    0.00    0.00    1.01    0.00    0.00    0.00    1.01
17:53:10       2   27.27    0.00    9.09    0.00    0.00    1.01    0.00    0.00    0.00   62.63
17:53:10       3   36.73    0.00    7.14    0.00    0.00    0.00    0.00    0.00    0.00   56.12

17:53:10     CPU    %usr   %nice    %sys %iowait    %irq   %soft  %steal  %guest  %gnice   %idle
17:53:11     all   46.13    0.00    9.02    0.00    0.00    0.77    0.00    0.00    0.00   44.07
17:53:11       0   31.25    0.00   12.50    0.00    0.00    1.04    0.00    0.00    0.00   55.21
17:53:11       1   66.33    0.00    3.06    0.00    0.00    2.04    0.00    0.00    0.00   28.57
17:53:11       2   27.84    0.00   12.37    0.00    0.00    0.00    0.00    0.00    0.00   59.79
17:53:11       3   58.76    0.00    8.25    0.00    0.00    0.00    0.00    0.00    0.00   32.99

17:53:11     CPU    %usr   %nice    %sys %iowait    %irq   %soft  %steal  %guest  %gnice   %idle
17:53:12     all   47.27    0.00   11.17    0.00    0.00    0.26    0.00    0.00    0.00   41.30
17:53:12       0   31.25    0.00   16.67    0.00    0.00    0.00    0.00    0.00    0.00   52.08
17:53:12       1   32.63    0.00   12.63    0.00    0.00    1.05    0.00    0.00    0.00   53.68
17:53:12       2   28.72    0.00   14.89    0.00    0.00    0.00    0.00    0.00    0.00   56.38
17:53:12       3   94.00    0.00    1.00    0.00    0.00    0.00    0.00    0.00    0.00    5.00

17:53:12     CPU    %usr   %nice    %sys %iowait    %irq   %soft  %steal  %guest  %gnice   %idle
17:53:13     all   45.38    0.00    7.12    0.00    0.00    0.53    0.00    0.00    0.00   46.97
17:53:13       0   25.53    0.00   13.83    0.00    0.00    0.00    0.00    0.00    0.00   60.64
17:53:13       1   65.62    0.00    3.12    0.00    0.00    2.08    0.00    0.00    0.00   29.17
17:53:13       2   26.88    0.00    9.68    0.00    0.00    0.00    0.00    0.00    0.00   63.44
17:53:13       3   62.50    0.00    2.08    0.00    0.00    0.00    0.00    0.00    0.00   35.42

17:53:13     CPU    %usr   %nice    %sys %iowait    %irq   %soft  %steal  %guest  %gnice   %idle
17:53:14     all   45.91    0.00   11.35    0.00    0.00    0.00    0.00    0.00    0.00   42.74
17:53:14       0   27.66    0.00   19.15    0.00    0.00    0.00    0.00    0.00    0.00   53.19
17:53:14       1   98.00    0.00    2.00    0.00    0.00    0.00    0.00    0.00    0.00    0.00
17:53:14       2   30.11    0.00   15.05    0.00    0.00    0.00    0.00    0.00    0.00   54.84
17:53:14       3   23.91    0.00    9.78    0.00    0.00    0.00    0.00    0.00    0.00   66.30

17:53:14     CPU    %usr   %nice    %sys %iowait    %irq   %soft  %steal  %guest  %gnice   %idle
17:53:15     all   44.97    0.00    7.94    0.00    0.00    0.26    0.00    0.00    0.00   46.83
17:53:15       0   25.81    0.00   13.98    0.00    0.00    0.00    0.00    0.00    0.00   60.22
17:53:15       1   97.00    0.00    1.00    0.00    0.00    1.00    0.00    0.00    0.00    1.00
17:53:15       2   27.96    0.00   10.75    0.00    0.00    0.00    0.00    0.00    0.00   61.29
17:53:15       3   25.00    0.00    6.52    0.00    0.00    0.00    0.00    0.00    0.00   68.48

17:53:15     CPU    %usr   %nice    %sys %iowait    %irq   %soft  %steal  %guest  %gnice   %idle
17:53:16     all   46.95    0.00   11.42    0.00    0.00    1.27    0.00    0.00    0.00   40.36
17:53:16       0   37.76    0.00   17.35    0.00    0.00    0.00    0.00    0.00    0.00   44.90
17:53:16       1   84.16    0.00    4.95    0.00    0.00    3.96    0.00    0.00    0.00    6.93
17:53:16       2   31.63    0.00   12.24    0.00    0.00    0.00    0.00    0.00    0.00   56.12
17:53:16       3   32.99    0.00   11.34    0.00    0.00    1.03    0.00    0.00    0.00   54.64

17:53:16     CPU    %usr   %nice    %sys %iowait    %irq   %soft  %steal  %guest  %gnice   %idle
17:53:17     all   45.48    0.00    7.33    0.49    0.00    1.96    0.00    0.00    0.00   44.74
17:53:17       0   89.11    0.00    2.97    0.00    0.00    0.00    0.00    0.00    0.00    7.92
17:53:17       1   33.64    0.00    5.61    0.93    0.00    6.54    0.00    0.00    0.00   53.27
17:53:17       2   32.67    0.00   10.89    0.00    0.00    0.99    0.00    0.00    0.00   55.45
17:53:17       3   27.00    0.00   10.00    1.00    0.00    0.00    0.00    0.00    0.00   62.00

17:53:17     CPU    %usr   %nice    %sys %iowait    %irq   %soft  %steal  %guest  %gnice   %idle
17:53:18     all   47.50    0.00   12.00    0.00    0.00    1.25    0.00    0.00    0.00   39.25
17:53:18       0   94.00    0.00    3.00    0.00    0.00    0.00    0.00    0.00    0.00    3.00
17:53:18       1   30.30    0.00   16.16    0.00    0.00    5.05    0.00    0.00    0.00   48.48
17:53:18       2   32.32    0.00   12.12    0.00    0.00    0.00    0.00    0.00    0.00   55.56
17:53:18       3   33.33    0.00   16.67    0.00    0.00    0.00    0.00    0.00    0.00   50.00

17:53:18     CPU    %usr   %nice    %sys %iowait    %irq   %soft  %steal  %guest  %gnice   %idle
17:53:19     all   47.19    0.00    7.40    0.00    0.00    0.51    0.00    0.00    0.00   44.90
17:53:19       0   33.67    0.00    8.16    0.00    0.00    0.00    0.00    0.00    0.00   58.16
17:53:19       1   66.67    0.00    7.07    0.00    0.00    2.02    0.00    0.00    0.00   24.24
17:53:19       2   27.08    0.00   10.42    0.00    0.00    0.00    0.00    0.00    0.00   62.50
17:53:19       3   60.61    0.00    4.04    0.00    0.00    0.00    0.00    0.00    0.00   35.35

17:53:19     CPU    %usr   %nice    %sys %iowait    %irq   %soft  %steal  %guest  %gnice   %idle
17:53:20     all   44.85    0.00    8.76    0.00    0.00    1.29    0.00    0.00    0.00   45.10
17:53:20       0   33.67    0.00   11.22    0.00    0.00    1.02    0.00    0.00    0.00   54.08
17:53:20       1   41.67    0.00    9.38    0.00    0.00    4.17    0.00    0.00    0.00   44.79
17:53:20       2   24.21    0.00    8.42    0.00    0.00    0.00    0.00    0.00    0.00   67.37
17:53:20       3   78.79    0.00    6.06    0.00    0.00    0.00    0.00    0.00    0.00   15.15

17:53:20     CPU    %usr   %nice    %sys %iowait    %irq   %soft  %steal  %guest  %gnice   %idle
17:53:21     all   48.45    0.00   11.34    0.00    0.00    0.52    0.00    0.00    0.00   39.69
17:53:21       0   30.93    0.00   14.43    0.00    0.00    0.00    0.00    0.00    0.00   54.64
17:53:21       1   33.33    0.00   11.46    0.00    0.00    2.08    0.00    0.00    0.00   53.12
17:53:21       2   29.17    0.00   18.75    0.00    0.00    0.00    0.00    0.00    0.00   52.08
17:53:21       3   98.99    0.00    1.01    0.00    0.00    0.00    0.00    0.00    0.00    0.00

17:53:21     CPU    %usr   %nice    %sys %iowait    %irq   %soft  %steal  %guest  %gnice   %idle
17:53:22     all   45.69    0.00    7.57    0.26    0.00    0.26    0.00    0.00    0.00   46.21
17:53:22       0   28.72    0.00    8.51    0.00    0.00    0.00    0.00    0.00    0.00   62.77
17:53:22       1   25.26    0.00   13.68    0.00    0.00    1.05    0.00    0.00    0.00   60.00
17:53:22       2   26.60    0.00    7.45    1.06    0.00    0.00    0.00    0.00    0.00   64.89
17:53:22       3   99.00    0.00    1.00    0.00    0.00    0.00    0.00    0.00    0.00    0.00

17:53:22     CPU    %usr   %nice    %sys %iowait    %irq   %soft  %steal  %guest  %gnice   %idle
17:53:23     all   46.17    0.00   11.35    0.00    0.00    0.79    0.00    0.00    0.00   41.69
17:53:23       0   37.23    0.00   13.83    0.00    0.00    0.00    0.00    0.00    0.00   48.94
17:53:23       1   32.22    0.00    7.78    0.00    0.00    1.11    0.00    0.00    0.00   58.89
17:53:23       2   26.32    0.00   20.00    0.00    0.00    1.05    0.00    0.00    0.00   52.63
17:53:23       3   86.00    0.00    4.00    0.00    0.00    1.00    0.00    0.00    0.00    9.00

17:53:23     CPU    %usr   %nice    %sys %iowait    %irq   %soft  %steal  %guest  %gnice   %idle
17:53:24     all   45.09    0.00    8.75    0.00    0.00    0.27    0.00    0.00    0.00   45.89
17:53:24       0   36.84    0.00   11.58    0.00    0.00    0.00    0.00    0.00    0.00   51.58
17:53:24       1   25.00    0.00   13.04    0.00    0.00    1.09    0.00    0.00    0.00   60.87
17:53:24       2   23.08    0.00    7.69    0.00    0.00    0.00    0.00    0.00    0.00   69.23
17:53:24       3   91.92    0.00    3.03    0.00    0.00    0.00    0.00    0.00    0.00    5.05

17:53:24     CPU    %usr   %nice    %sys %iowait    %irq   %soft  %steal  %guest  %gnice   %idle
17:53:25     all   46.74    0.00   10.70    0.00    0.00    0.78    0.00    0.00    0.00   41.78
17:53:25       0   50.00    0.00   14.29    0.00    0.00    1.02    0.00    0.00    0.00   34.69
17:53:25       1   34.04    0.00   10.64    0.00    0.00    2.13    0.00    0.00    0.00   53.19
17:53:25       2   39.36    0.00   12.77    0.00    0.00    0.00    0.00    0.00    0.00   47.87
17:53:25       3   62.89    0.00    5.15    0.00    0.00    0.00    0.00    0.00    0.00   31.96

17:53:25     CPU    %usr   %nice    %sys %iowait    %irq   %soft  %steal  %guest  %gnice   %idle
17:53:26     all   47.15    0.00    8.44    0.00    0.00    1.49    0.00    0.00    0.00   42.93
17:53:26       0   28.00    0.00   11.00    0.00    0.00    0.00    0.00    0.00    0.00   61.00
17:53:26       1   45.63    0.00    7.77    0.00    0.00    5.83    0.00    0.00    0.00   40.78
17:53:26       2   33.00    0.00   11.00    0.00    0.00    0.00    0.00    0.00    0.00   56.00
17:53:26       3   82.00    0.00    4.00    0.00    0.00    0.00    0.00    0.00    0.00   14.00

17:53:26     CPU    %usr   %nice    %sys %iowait    %irq   %soft  %steal  %guest  %gnice   %idle
17:53:27     all   48.39    0.00    8.44    0.00    0.00    1.49    0.00    0.00    0.00   41.69
17:53:27       0   76.00    0.00    6.00    0.00    0.00    0.00    0.00    0.00    0.00   18.00
17:53:27       1   28.16    0.00   10.68    0.00    0.00    4.85    0.00    0.00    0.00   56.31
17:53:27       2   37.37    0.00   10.10    0.00    0.00    0.00    0.00    0.00    0.00   52.53
17:53:27       3   52.48    0.00    6.93    0.00    0.00    0.99    0.00    0.00    0.00   39.60

17:53:27     CPU    %usr   %nice    %sys %iowait    %irq   %soft  %steal  %guest  %gnice   %idle
17:53:28     all   47.00    0.00   11.25    0.00    0.00    1.00    0.00    0.00    0.00   40.75
17:53:28       0   81.82    0.00   11.11    0.00    0.00    0.00    0.00    0.00    0.00    7.07
17:53:28       1   36.27    0.00   11.76    0.00    0.00    3.92    0.00    0.00    0.00   48.04
17:53:28       2   31.31    0.00   12.12    0.00    0.00    0.00    0.00    0.00    0.00   56.57
17:53:28       3   39.00    0.00   10.00    0.00    0.00    0.00    0.00    0.00    0.00   51.00

17:53:28     CPU    %usr   %nice    %sys %iowait    %irq   %soft  %steal  %guest  %gnice   %idle
17:53:29     all   45.55    0.00    7.63    0.00    0.00    0.51    0.00    0.00    0.00   46.31
17:53:29       0   87.88    0.00    5.05    0.00    0.00    0.00    0.00    0.00    0.00    7.07
17:53:29       1   26.26    0.00   10.10    0.00    0.00    2.02    0.00    0.00    0.00   61.62
17:53:29       2   35.42    0.00    6.25    0.00    0.00    0.00    0.00    0.00    0.00   58.33
17:53:29       3   32.32    0.00    9.09    0.00    0.00    0.00    0.00    0.00    0.00   58.59

17:53:29     CPU    %usr   %nice    %sys %iowait    %irq   %soft  %steal  %guest  %gnice   %idle
17:53:30     all   49.61    0.00   11.63    0.00    0.00    1.03    0.00    0.00    0.00   37.73
17:53:30       0   91.00    0.00    7.00    0.00    0.00    1.00    0.00    0.00    0.00    1.00
17:53:30       1   33.68    0.00   14.74    0.00    0.00    2.11    0.00    0.00    0.00   49.47
17:53:30       2   34.74    0.00    9.47    0.00    0.00    1.05    0.00    0.00    0.00   54.74
17:53:30       3   37.11    0.00   15.46    0.00    0.00    0.00    0.00    0.00    0.00   47.42

17:53:30     CPU    %usr   %nice    %sys %iowait    %irq   %soft  %steal  %guest  %gnice   %idle
17:53:31     all   45.60    0.00    6.99    0.00    0.00    0.52    0.00    0.00    0.00   46.89
17:53:31       0   58.59    0.00    9.09    0.00    0.00    0.00    0.00    0.00    0.00   32.32
17:53:31       1   65.31    0.00    3.06    0.00    0.00    2.04    0.00    0.00    0.00   29.59
17:53:31       2   26.60    0.00    8.51    0.00    0.00    0.00    0.00    0.00    0.00   64.89
17:53:31       3   30.53    0.00    7.37    0.00    0.00    0.00    0.00    0.00    0.00   62.11

17:53:31     CPU    %usr   %nice    %sys %iowait    %irq   %soft  %steal  %guest  %gnice   %idle
17:53:32     all   46.70    0.00    9.76    0.00    0.00    0.53    0.00    0.00    0.00   43.01
17:53:32       0   28.26    0.00   14.13    0.00    0.00    0.00    0.00    0.00    0.00   57.61
17:53:32       1   81.82    0.00    2.02    0.00    0.00    1.01    0.00    0.00    0.00   15.15
17:53:32       2   28.26    0.00   10.87    0.00    0.00    0.00    0.00    0.00    0.00   60.87
17:53:32       3   45.83    0.00   12.50    0.00    0.00    1.04    0.00    0.00    0.00   40.62

17:53:32     CPU    %usr   %nice    %sys %iowait    %irq   %soft  %steal  %guest  %gnice   %idle
17:53:33     all   46.65    0.00    8.85    0.00    0.00    0.00    0.00    0.00    0.00   44.50
17:53:33       0   54.17    0.00   10.42    0.00    0.00    0.00    0.00    0.00    0.00   35.42
17:53:33       1   41.76    0.00    7.69    0.00    0.00    0.00    0.00    0.00    0.00   50.55
17:53:33       2   29.35    0.00   11.96    0.00    0.00    0.00    0.00    0.00    0.00   58.70
17:53:33       3   60.64    0.00    5.32    0.00    0.00    0.00    0.00    0.00    0.00   34.04

17:53:33     CPU    %usr   %nice    %sys %iowait    %irq   %soft  %steal  %guest  %gnice   %idle
17:53:34     all   45.12    0.00    8.44    0.00    0.00    0.53    0.00    0.00    0.00   45.91
17:53:34       0   59.18    0.00    8.16    0.00    0.00    1.02    0.00    0.00    0.00   31.63
17:53:34       1   26.09    0.00    9.78    0.00    0.00    1.09    0.00    0.00    0.00   63.04
17:53:34       2   37.23    0.00    6.38    0.00    0.00    0.00    0.00    0.00    0.00   56.38
17:53:34       3   56.84    0.00    9.47    0.00    0.00    0.00    0.00    0.00    0.00   33.68

17:53:34     CPU    %usr   %nice    %sys %iowait    %irq   %soft  %steal  %guest  %gnice   %idle
17:53:35     all   47.30    0.00   10.03    0.00    0.00    1.29    0.00    0.00    0.00   41.39
17:53:35       0   34.02    0.00   17.53    0.00    0.00    0.00    0.00    0.00    0.00   48.45
17:53:35       1   49.49    0.00    6.06    0.00    0.00    5.05    0.00    0.00    0.00   39.39
17:53:35       2   24.73    0.00   12.90    0.00    0.00    0.00    0.00    0.00    0.00   62.37
17:53:35       3   79.00    0.00    4.00    0.00    0.00    0.00    0.00    0.00    0.00   17.00

17:53:35     CPU    %usr   %nice    %sys %iowait    %irq   %soft  %steal  %guest  %gnice   %idle
17:53:36     all   47.17    0.00    8.85    0.25    0.00    1.47    0.00    0.00    0.00   42.26
17:53:36       0   28.16    0.00   10.68    0.97    0.00    0.00    0.00    0.00    0.00   60.19
17:53:36       1   58.42    0.00    3.96    0.00    0.00    5.94    0.00    0.00    0.00   31.68
17:53:36       2   30.10    0.00   11.65    0.00    0.00    0.00    0.00    0.00    0.00   58.25
17:53:36       3   73.00    0.00    9.00    0.00    0.00    0.00    0.00    0.00    0.00   18.00

17:53:36     CPU    %usr   %nice    %sys %iowait    %irq   %soft  %steal  %guest  %gnice   %idle
17:53:37     all   48.24    0.00   11.31    0.00    0.00    1.26    0.00    0.00    0.00   39.20
17:53:37       0   47.47    0.00   12.12    0.00    0.00    0.00    0.00    0.00    0.00   40.40
17:53:37       1   35.64    0.00   11.88    0.00    0.00    4.95    0.00    0.00    0.00   47.52
17:53:37       2   35.00    0.00   14.00    0.00    0.00    0.00    0.00    0.00    0.00   51.00
17:53:37       3   75.51    0.00    7.14    0.00    0.00    0.00    0.00    0.00    0.00   17.35

17:53:37     CPU    %usr   %nice    %sys %iowait    %irq   %soft  %steal  %guest  %gnice   %idle
17:53:38     all   45.09    0.00    8.06    0.00    0.00    1.26    0.00    0.00    0.00   45.59
17:53:38       0   91.92    0.00    4.04    0.00    0.00    0.00    0.00    0.00    0.00    4.04
17:53:38       1   26.00    0.00    9.00    0.00    0.00    4.00    0.00    0.00    0.00   61.00
17:53:38       2   31.63    0.00    7.14    0.00    0.00    1.02    0.00    0.00    0.00   60.20
17:53:38       3   31.00    0.00   12.00    0.00    0.00    0.00    0.00    0.00    0.00   57.00

17:53:38     CPU    %usr   %nice    %sys %iowait    %irq   %soft  %steal  %guest  %gnice   %idle
17:53:39     all   48.35    0.00   12.72    0.00    0.00    1.02    0.00    0.00    0.00   37.91
17:53:39       0   94.00    0.00    4.00    0.00    0.00    0.00    0.00    0.00    0.00    2.00
17:53:39       1   36.36    0.00   14.14    0.00    0.00    3.03    0.00    0.00    0.00   46.46
17:53:39       2   27.84    0.00   16.49    0.00    0.00    0.00    0.00    0.00    0.00   55.67
17:53:39       3   34.02    0.00   16.49    0.00    0.00    1.03    0.00    0.00    0.00   48.45

17:53:39     CPU    %usr   %nice    %sys %iowait    %irq   %soft  %steal  %guest  %gnice   %idle
17:53:40     all   44.42    0.00    7.27    0.00    0.00    1.04    0.00    0.00    0.00   47.27
17:53:40       0   71.72    0.00    4.04    0.00    0.00    1.01    0.00    0.00    0.00   23.23
17:53:40       1   52.58    0.00    9.28    0.00    0.00    3.09    0.00    0.00    0.00   35.05
17:53:40       2   24.73    0.00    7.53    0.00    0.00    0.00    0.00    0.00    0.00   67.74
17:53:40       3   27.08    0.00    8.33    0.00    0.00    0.00    0.00    0.00    0.00   64.58

17:53:40     CPU    %usr   %nice    %sys %iowait    %irq   %soft  %steal  %guest  %gnice   %idle
17:53:41     all   45.38    0.00    9.76    0.00    0.00    0.26    0.00    0.00    0.00   44.59
17:53:41       0   27.66    0.00   12.77    0.00    0.00    0.00    0.00    0.00    0.00   59.57
17:53:41       1   77.32    0.00    6.19    0.00    0.00    1.03    0.00    0.00    0.00   15.46
17:53:41       2   29.79    0.00   13.83    0.00    0.00    0.00    0.00    0.00    0.00   56.38
17:53:41       3   45.74    0.00    6.38    0.00    0.00    0.00    0.00    0.00    0.00   47.87

17:53:41     CPU    %usr   %nice    %sys %iowait    %irq   %soft  %steal  %guest  %gnice   %idle
17:53:42     all   46.46    0.00    9.97    0.00    0.00    0.79    0.00    0.00    0.00   42.78
17:53:42       0   24.73    0.00   11.83    0.00    0.00    0.00    0.00    0.00    0.00   63.44
17:53:42       1   97.03    0.00    0.99    0.00    0.00    1.98    0.00    0.00    0.00    0.00
17:53:42       2   26.37    0.00   10.99    0.00    0.00    0.00    0.00    0.00    0.00   62.64
17:53:42       3   33.33    0.00   16.67    0.00    0.00    1.04    0.00    0.00    0.00   48.96

17:53:42     CPU    %usr   %nice    %sys %iowait    %irq   %soft  %steal  %guest  %gnice   %idle
17:53:43     all   44.80    0.00    7.20    0.00    0.00    0.00    0.00    0.00    0.00   48.00
17:53:43       0   26.09    0.00    7.61    0.00    0.00    0.00    0.00    0.00    0.00   66.30
17:53:43       1   98.99    0.00    1.01    0.00    0.00    0.00    0.00    0.00    0.00    0.00
17:53:43       2   23.91    0.00   13.04    0.00    0.00    0.00    0.00    0.00    0.00   63.04
17:53:43       3   26.09    0.00    7.61    0.00    0.00    0.00    0.00    0.00    0.00   66.30

17:53:43     CPU    %usr   %nice    %sys %iowait    %irq   %soft  %steal  %guest  %gnice   %idle
17:53:44     all   46.81    0.00   10.90    0.00    0.00    0.27    0.00    0.00    0.00   42.02
17:53:44       0   28.57    0.00   16.48    0.00    0.00    0.00    0.00    0.00    0.00   54.95
17:53:44       1   90.00    0.00    2.00    0.00    0.00    1.00    0.00    0.00    0.00    7.00
17:53:44       2   34.78    0.00   13.04    0.00    0.00    0.00    0.00    0.00    0.00   52.17
17:53:44       3   30.11    0.00   12.90    0.00    0.00    0.00    0.00    0.00    0.00   56.99

17:53:44     CPU    %usr   %nice    %sys %iowait    %irq   %soft  %steal  %guest  %gnice   %idle
17:53:45     all   46.43    0.00    8.42    0.00    0.00    1.28    0.00    0.00    0.00   43.88
17:53:45       0   38.00    0.00   10.00    0.00    0.00    1.00    0.00    0.00    0.00   51.00
17:53:45       1   18.95    0.00   10.53    0.00    0.00    4.21    0.00    0.00    0.00   66.32
17:53:45       2   26.80    0.00   13.40    0.00    0.00    0.00    0.00    0.00    0.00   59.79
17:53:45       3  100.00    0.00    0.00    0.00    0.00    0.00    0.00    0.00    0.00    0.00

17:53:45     CPU    %usr   %nice    %sys %iowait    %irq   %soft  %steal  %guest  %gnice   %idle
17:53:46     all   47.41    0.00   12.35    0.00    0.00    1.73    0.00    0.00    0.00   38.52
17:53:46       0   34.31    0.00   17.65    0.00    0.00    0.00    0.00    0.00    0.00   48.04
17:53:46       1   68.32    0.00    9.90    0.00    0.00    5.94    0.00    0.00    0.00   15.84
17:53:46       2   33.33    0.00   14.71    0.00    0.00    0.98    0.00    0.00    0.00   50.98
17:53:46       3   54.00    0.00    7.00    0.00    0.00    0.00    0.00    0.00    0.00   39.00

17:53:46     CPU    %usr   %nice    %sys %iowait    %irq   %soft  %steal  %guest  %gnice   %idle
17:53:47     all   45.91    0.00    7.69    0.00    0.00    1.24    0.00    0.00    0.00   45.16
17:53:47       0   90.00    0.00    5.00    0.00    0.00    0.00    0.00    0.00    0.00    5.00
17:53:47       1   30.10    0.00    8.74    0.00    0.00    3.88    0.00    0.00    0.00   57.28
17:53:47       2   31.63    0.00    8.16    0.00    0.00    0.00    0.00    0.00    0.00   60.20
17:53:47       3   32.35    0.00    8.82    0.00    0.00    0.98    0.00    0.00    0.00   57.84

17:53:47     CPU    %usr   %nice    %sys %iowait    %irq   %soft  %steal  %guest  %gnice   %idle
17:53:48     all   48.62    0.00   10.78    0.00    0.00    1.00    0.00    0.00    0.00   39.60
17:53:48       0   88.89    0.00    5.05    0.00    0.00    0.00    0.00    0.00    0.00    6.06
17:53:48       1   33.00    0.00   16.00    0.00    0.00    4.00    0.00    0.00    0.00   47.00
17:53:48       2   35.71    0.00    9.18    0.00    0.00    0.00    0.00    0.00    0.00   55.10
17:53:48       3   37.25    0.00   12.75    0.00    0.00    0.00    0.00    0.00    0.00   50.00

17:53:48     CPU    %usr   %nice    %sys %iowait    %irq   %soft  %steal  %guest  %gnice   %idle
17:53:49     all   46.55    0.00    9.46    0.00    0.00    0.51    0.00    0.00    0.00   43.48
17:53:49       0   95.00    0.00    3.00    0.00    0.00    0.00    0.00    0.00    0.00    2.00
17:53:49       1   26.04    0.00   14.58    0.00    0.00    2.08    0.00    0.00    0.00   57.29
17:53:49       2   36.08    0.00    8.25    0.00    0.00    0.00    0.00    0.00    0.00   55.67
17:53:49       3   27.55    0.00   12.24    0.00    0.00    0.00    0.00    0.00    0.00   60.20

17:53:49     CPU    %usr   %nice    %sys %iowait    %irq   %soft  %steal  %guest  %gnice   %idle
17:53:50     all   44.85    0.00    7.73    0.26    0.00    1.03    0.00    0.00    0.00   46.13
17:53:50       0   94.06    0.00    0.99    0.00    0.00    0.99    0.00    0.00    0.00    3.96
17:53:50       1   27.55    0.00   10.20    1.02    0.00    3.06    0.00    0.00    0.00   58.16
17:53:50       2   27.66    0.00    9.57    0.00    0.00    0.00    0.00    0.00    0.00   62.77
17:53:50       3   27.37    0.00   10.53    0.00    0.00    0.00    0.00    0.00    0.00   62.11

17:53:50     CPU    %usr   %nice    %sys %iowait    %irq   %soft  %steal  %guest  %gnice   %idle
17:53:51     all   48.19    0.00   12.44    0.00    0.00    0.78    0.00    0.00    0.00   38.60
17:53:51       0   96.97    0.00    2.02    0.00    0.00    0.00    0.00    0.00    0.00    1.01
17:53:51       1   30.53    0.00   18.95    0.00    0.00    2.11    0.00    0.00    0.00   48.42
17:53:51       2   27.66    0.00   17.02    0.00    0.00    0.00    0.00    0.00    0.00   55.32
17:53:51       3   35.71    0.00   12.24    0.00    0.00    1.02    0.00    0.00    0.00   51.02

17:53:51     CPU    %usr   %nice    %sys %iowait    %irq   %soft  %steal  %guest  %gnice   %idle
17:53:52     all   44.47    0.00    7.63    0.00    0.00    0.53    0.00    0.00    0.00   47.37
17:53:52       0   82.83    0.00    5.05    0.00    0.00    0.00    0.00    0.00    0.00   12.12
17:53:52       1   22.83    0.00   10.87    0.00    0.00    1.09    0.00    0.00    0.00   65.22
17:53:52       2   38.95    0.00    6.32    0.00    0.00    1.05    0.00    0.00    0.00   53.68
17:53:52       3   30.85    0.00    8.51    0.00    0.00    0.00    0.00    0.00    0.00   60.64

17:53:52     CPU    %usr   %nice    %sys %iowait    %irq   %soft  %steal  %guest  %gnice   %idle
17:53:53     all   47.09    0.00   11.64    0.26    0.00    0.53    0.00    0.00    0.00   40.48
17:53:53       0   92.93    0.00    4.04    0.00    0.00    0.00    0.00    0.00    0.00    3.03
17:53:53       1   31.58    0.00   18.95    0.00    0.00    2.11    0.00    0.00    0.00   47.37
17:53:53       2   34.78    0.00   10.87    0.00    0.00    0.00    0.00    0.00    0.00   54.35
17:53:53       3   26.09    0.00   13.04    1.09    0.00    0.00    0.00    0.00    0.00   59.78

17:53:53     CPU    %usr   %nice    %sys %iowait    %irq   %soft  %steal  %guest  %gnice   %idle
17:53:54     all   44.39    0.00    8.82    0.00    0.00    0.27    0.00    0.00    0.00   46.52
17:53:54       0   94.00    0.00    4.00    0.00    0.00    0.00    0.00    0.00    0.00    2.00
17:53:54       1   25.27    0.00   10.99    0.00    0.00    1.10    0.00    0.00    0.00   62.64
17:53:54       2   33.33    0.00    9.68    0.00    0.00    0.00    0.00    0.00    0.00   56.99
17:53:54       3   20.00    0.00   11.11    0.00    0.00    0.00    0.00    0.00    0.00   68.89

17:53:54     CPU    %usr   %nice    %sys %iowait    %irq   %soft  %steal  %guest  %gnice   %idle
17:53:55     all   45.97    0.00    9.35    0.00    0.00    1.04    0.00    0.00    0.00   43.64
17:53:55       0   95.05    0.00    2.97    0.00    0.00    0.00    0.00    0.00    0.00    1.98
17:53:55       1   30.85    0.00    9.57    0.00    0.00    3.19    0.00    0.00    0.00   56.38
17:53:55       2   31.58    0.00    9.47    0.00    0.00    0.00    0.00    0.00    0.00   58.95
17:53:55       3   23.16    0.00   15.79    0.00    0.00    1.05    0.00    0.00    0.00   60.00

17:53:55     CPU    %usr   %nice    %sys %iowait    %irq   %soft  %steal  %guest  %gnice   %idle
17:53:56     all   47.65    0.00    9.38    0.00    0.00    1.73    0.00    0.00    0.00   41.23
17:53:56       0   98.00    0.00    1.00    0.00    0.00    0.00    0.00    0.00    0.00    1.00
17:53:56       1   31.73    0.00   13.46    0.00    0.00    6.73    0.00    0.00    0.00   48.08
17:53:56       2   32.65    0.00    9.18    0.00    0.00    0.00    0.00    0.00    0.00   58.16
17:53:56       3   29.13    0.00   13.59    0.00    0.00    0.00    0.00    0.00    0.00   57.28

17:53:56     CPU    %usr   %nice    %sys %iowait    %irq   %soft  %steal  %guest  %gnice   %idle
17:53:57     all   47.51    0.00    9.20    0.00    0.00    1.24    0.00    0.00    0.00   42.04
17:53:57       0   51.52    0.00    8.08    0.00    0.00    0.00    0.00    0.00    0.00   40.40
17:53:57       1   32.35    0.00   12.75    0.00    0.00    4.90    0.00    0.00    0.00   50.00
17:53:57       2   39.22    0.00    5.88    0.00    0.00    0.00    0.00    0.00    0.00   54.90
17:53:57       3   67.68    0.00   10.10    0.00    0.00    0.00    0.00    0.00    0.00   22.22

17:53:57     CPU    %usr   %nice    %sys %iowait    %irq   %soft  %steal  %guest  %gnice   %idle
17:53:58     all   47.99    0.00   10.55    0.00    0.00    1.51    0.00    0.00    0.00   39.95
17:53:58       0   43.88    0.00   14.29    0.00    0.00    0.00    0.00    0.00    0.00   41.84
17:53:58       1   30.69    0.00   11.88    0.00    0.00    4.95    0.00    0.00    0.00   52.48
17:53:58       2   37.76    0.00   10.20    0.00    0.00    1.02    0.00    0.00    0.00   51.02
17:53:58       3   79.21    0.00    5.94    0.00    0.00    0.00    0.00    0.00    0.00   14.85

17:53:58     CPU    %usr   %nice    %sys %iowait    %irq   %soft  %steal  %guest  %gnice   %idle
17:53:59     all   45.48    0.00    7.54    0.00    0.00    1.01    0.00    0.00    0.00   45.98
17:53:59       0   93.20    0.00    2.91    0.00    0.00    0.97    0.00    0.00    0.00    2.91
17:53:59       1   29.29    0.00   11.11    0.00    0.00    3.03    0.00    0.00    0.00   56.57
17:53:59       2   33.33    0.00    7.07    0.00    0.00    0.00    0.00    0.00    0.00   59.60
17:53:59       3   23.71    0.00    9.28    0.00    0.00    0.00    0.00    0.00    0.00   67.01

17:53:59     CPU    %usr   %nice    %sys %iowait    %irq   %soft  %steal  %guest  %gnice   %idle
17:54:00     all   48.05    0.00   12.73    0.00    0.00    0.52    0.00    0.00    0.00   38.70
17:54:00       0   80.81    0.00   11.11    0.00    0.00    0.00    0.00    0.00    0.00    8.08
17:54:00       1   42.71    0.00   10.42    0.00    0.00    2.08    0.00    0.00    0.00   44.79
17:54:00       2   31.91    0.00   17.02    0.00    0.00    0.00    0.00    0.00    0.00   51.06
17:54:00       3   35.42    0.00   12.50    0.00    0.00    0.00    0.00    0.00    0.00   52.08

17:54:00     CPU    %usr   %nice    %sys %iowait    %irq   %soft  %steal  %guest  %gnice   %idle
17:54:01     all   44.94    0.00    7.27    0.00    0.00    0.78    0.00    0.00    0.00   47.01
17:54:01       0   25.00    0.00    8.33    0.00    0.00    0.00    0.00    0.00    0.00   66.67
17:54:01       1   33.33    0.00    7.53    0.00    0.00    2.15    0.00    0.00    0.00   56.99
17:54:01       2   27.84    0.00   13.40    0.00    0.00    0.00    0.00    0.00    0.00   58.76
17:54:01       3   91.92    0.00    0.00    0.00    0.00    1.01    0.00    0.00    0.00    7.07

17:54:01     CPU    %usr   %nice    %sys %iowait    %irq   %soft  %steal  %guest  %gnice   %idle
17:54:02     all   47.79    0.00    9.61    0.00    0.00    0.78    0.00    0.00    0.00   41.82
17:54:02       0   26.32    0.00   15.79    0.00    0.00    0.00    0.00    0.00    0.00   57.89
17:54:02       1   34.74    0.00    7.37    0.00    0.00    2.11    0.00    0.00    0.00   55.79
17:54:02       2   27.37    0.00   15.79    0.00    0.00    1.05    0.00    0.00    0.00   55.79
17:54:02       3  100.00    0.00    0.00    0.00    0.00    0.00    0.00    0.00    0.00    0.00

17:54:02     CPU    %usr   %nice    %sys %iowait    %irq   %soft  %steal  %guest  %gnice   %idle
17:54:03     all   46.95    0.00    9.28    0.00    0.00    0.27    0.00    0.00    0.00   43.50
17:54:03       0   30.11    0.00    9.68    0.00    0.00    0.00    0.00    0.00    0.00   60.22
17:54:03       1   27.17    0.00   14.13    0.00    0.00    1.09    0.00    0.00    0.00   57.61
17:54:03       2   27.17    0.00   13.04    0.00    0.00    0.00    0.00    0.00    0.00   59.78
17:54:03       3   99.00    0.00    1.00    0.00    0.00    0.00    0.00    0.00    0.00    0.00

17:54:03     CPU    %usr   %nice    %sys %iowait    %irq   %soft  %steal  %guest  %gnice   %idle
17:54:04     all   45.12    0.00    8.97    0.00    0.00    0.53    0.00    0.00    0.00   45.38
17:54:04       0   29.47    0.00   10.53    0.00    0.00    1.05    0.00    0.00    0.00   58.95
17:54:04       1   28.26    0.00   13.04    0.00    0.00    1.09    0.00    0.00    0.00   57.61
17:54:04       2   18.68    0.00   12.09    0.00    0.00    0.00    0.00    0.00    0.00   69.23
17:54:04       3   99.01    0.00    0.99    0.00    0.00    0.00    0.00    0.00    0.00    0.00

17:54:04     CPU    %usr   %nice    %sys %iowait    %irq   %soft  %steal  %guest  %gnice   %idle
17:54:05     all   47.07    0.00   10.64    0.00    0.00    0.27    0.00    0.00    0.00   42.02
17:54:05       0   31.91    0.00   14.89    0.00    0.00    0.00    0.00    0.00    0.00   53.19
17:54:05       1   31.18    0.00   17.20    0.00    0.00    1.08    0.00    0.00    0.00   50.54
17:54:05       2   25.56    0.00   10.00    0.00    0.00    0.00    0.00    0.00    0.00   64.44
17:54:05       3   95.96    0.00    1.01    0.00    0.00    0.00    0.00    0.00    0.00    3.03

17:54:05     CPU    %usr   %nice    %sys %iowait    %irq   %soft  %steal  %guest  %gnice   %idle
17:54:06     all   46.46    0.00    8.33    0.00    0.00    1.01    0.00    0.00    0.00   44.19
17:54:06       0   34.34    0.00   13.13    0.00    0.00    0.00    0.00    0.00    0.00   52.53
17:54:06       1   25.25    0.00   10.10    0.00    0.00    4.04    0.00    0.00    0.00   60.61
17:54:06       2   29.29    0.00    9.09    0.00    0.00    0.00    0.00    0.00    0.00   61.62
17:54:06       3   96.97    0.00    1.01    0.00    0.00    0.00    0.00    0.00    0.00    2.02

Average:     CPU    %usr   %nice    %sys %iowait    %irq   %soft  %steal  %guest  %gnice   %idle
Average:     all   46.53    0.00    9.50    0.03    0.00    0.84    0.00    0.00    0.00   43.10
Average:       0   55.53    0.00    9.53    0.02    0.00    0.17    0.00    0.00    0.00   34.75
Average:       1   46.10    0.00    9.22    0.03    0.00    2.85    0.00    0.00    0.00   41.80
Average:       2   30.51    0.00   11.26    0.02    0.00    0.16    0.00    0.00    0.00   58.05
Average:       3   53.64    0.00    8.02    0.03    0.00    0.19    0.00    0.00    0.00   38.12
