Linux 7.0.0-31-generic (ubuntu-Latitude-3490) 	09/30/26 	_x86_64_	(4 CPU)

17:54:43     CPU    %usr   %nice    %sys %iowait    %irq   %soft  %steal  %guest  %gnice   %idle
17:54:44     all   58.59    0.00   10.10    0.00    0.00    1.01    0.00    0.00    0.00   30.30
17:54:44       0   87.88    0.00   10.10    0.00    0.00    0.00    0.00    0.00    0.00    2.02
17:54:44       1   44.55    0.00   11.88    0.00    0.00    3.96    0.00    0.00    0.00   39.60
17:54:44       2   53.61    0.00    6.19    0.00    0.00    0.00    0.00    0.00    0.00   40.21
17:54:44       3   48.48    0.00   12.12    0.00    0.00    0.00    0.00    0.00    0.00   39.39

17:54:44     CPU    %usr   %nice    %sys %iowait    %irq   %soft  %steal  %guest  %gnice   %idle
17:54:45     all   58.42    0.00   11.22    0.00    0.00    1.02    0.00    0.00    0.00   29.34
17:54:45       0   63.27    0.00   13.27    0.00    0.00    0.00    0.00    0.00    0.00   23.47
17:54:45       1   45.92    0.00   15.31    0.00    0.00    3.06    0.00    0.00    0.00   35.71
17:54:45       2   49.48    0.00   10.31    0.00    0.00    0.00    0.00    0.00    0.00   40.21
17:54:45       3   74.75    0.00    6.06    0.00    0.00    1.01    0.00    0.00    0.00   18.18

17:54:45     CPU    %usr   %nice    %sys %iowait    %irq   %soft  %steal  %guest  %gnice   %idle
17:54:46     all   60.00    0.00   14.62    0.00    0.00    0.77    0.00    0.00    0.00   24.62
17:54:46       0   81.00    0.00   12.00    0.00    0.00    0.00    0.00    0.00    0.00    7.00
17:54:46       1   56.70    0.00   13.40    0.00    0.00    3.09    0.00    0.00    0.00   26.80
17:54:46       2   48.96    0.00   15.62    0.00    0.00    0.00    0.00    0.00    0.00   35.42
17:54:46       3   52.58    0.00   17.53    0.00    0.00    0.00    0.00    0.00    0.00   29.90

17:54:46     CPU    %usr   %nice    %sys %iowait    %irq   %soft  %steal  %guest  %gnice   %idle
17:54:47     all   71.39    0.00   17.47    0.00    0.00    2.28    0.00    0.00    0.00    8.86
17:54:47       0   68.37    0.00   20.41    0.00    0.00    2.04    0.00    0.00    0.00    9.18
17:54:47       1   80.00    0.00   11.00    0.00    0.00    4.00    0.00    0.00    0.00    5.00
17:54:47       2   64.29    0.00   23.47    0.00    0.00    1.02    0.00    0.00    0.00   11.22
17:54:47       3   72.73    0.00   15.15    0.00    0.00    2.02    0.00    0.00    0.00   10.10

17:54:47     CPU    %usr   %nice    %sys %iowait    %irq   %soft  %steal  %guest  %gnice   %idle
17:54:48     all   57.25    0.00   11.40    0.00    0.00    0.52    0.00    0.00    0.00   30.83
17:54:48       0   66.33    0.00    7.14    0.00    0.00    0.00    0.00    0.00    0.00   26.53
17:54:48       1   54.17    0.00   11.46    0.00    0.00    2.08    0.00    0.00    0.00   32.29
17:54:48       2   48.42    0.00   11.58    0.00    0.00    0.00    0.00    0.00    0.00   40.00
17:54:48       3   59.79    0.00   15.46    0.00    0.00    0.00    0.00    0.00    0.00   24.74

17:54:48     CPU    %usr   %nice    %sys %iowait    %irq   %soft  %steal  %guest  %gnice   %idle
17:54:49     all   72.82    0.00   15.38    0.00    0.00    1.03    0.00    0.00    0.00   10.77
17:54:49       0   71.13    0.00   15.46    0.00    0.00    2.06    0.00    0.00    0.00   11.34
17:54:49       1   80.61    0.00   12.24    0.00    0.00    1.02    0.00    0.00    0.00    6.12
17:54:49       2   67.35    0.00   15.31    0.00    0.00    1.02    0.00    0.00    0.00   16.33
17:54:49       3   72.16    0.00   18.56    0.00    0.00    0.00    0.00    0.00    0.00    9.28

17:54:49     CPU    %usr   %nice    %sys %iowait    %irq   %soft  %steal  %guest  %gnice   %idle
17:54:50     all   55.35    0.00   11.23    0.00    0.00    0.78    0.00    0.00    0.00   32.64
17:54:50       0   56.70    0.00    7.22    0.00    0.00    1.03    0.00    0.00    0.00   35.05
17:54:50       1   45.16    0.00   13.98    0.00    0.00    1.08    0.00    0.00    0.00   39.78
17:54:50       2   48.39    0.00   10.75    0.00    0.00    0.00    0.00    0.00    0.00   40.86
17:54:50       3   70.00    0.00   13.00    0.00    0.00    1.00    0.00    0.00    0.00   16.00

17:54:50     CPU    %usr   %nice    %sys %iowait    %irq   %soft  %steal  %guest  %gnice   %idle
17:54:51     all   57.74    0.00   11.02    0.00    0.00    0.52    0.00    0.00    0.00   30.71
17:54:51       0   48.42    0.00   14.74    0.00    0.00    0.00    0.00    0.00    0.00   36.84
17:54:51       1   79.59    0.00    8.16    0.00    0.00    2.04    0.00    0.00    0.00   10.20
17:54:51       2   44.68    0.00   13.83    0.00    0.00    0.00    0.00    0.00    0.00   41.49
17:54:51       3   57.45    0.00    7.45    0.00    0.00    0.00    0.00    0.00    0.00   35.11

17:54:51     CPU    %usr   %nice    %sys %iowait    %irq   %soft  %steal  %guest  %gnice   %idle
17:54:52     all   62.86    0.00   10.91    0.26    0.00    0.52    0.00    0.00    0.00   25.45
17:54:52       0   48.45    0.00   18.56    1.03    0.00    1.03    0.00    0.00    0.00   30.93
17:54:52       1   58.95    0.00   10.53    0.00    0.00    1.05    0.00    0.00    0.00   29.47
17:54:52       2   50.53    0.00   12.63    0.00    0.00    0.00    0.00    0.00    0.00   36.84
17:54:52       3   92.86    0.00    2.04    0.00    0.00    0.00    0.00    0.00    0.00    5.10

17:54:52     CPU    %usr   %nice    %sys %iowait    %irq   %soft  %steal  %guest  %gnice   %idle
17:54:53     all   61.27    0.00   13.42    0.00    0.00    1.77    0.00    0.00    0.00   23.54
17:54:53       0   58.76    0.00   10.31    0.00    0.00    0.00    0.00    0.00    0.00   30.93
17:54:53       1   50.50    0.00   15.84    0.00    0.00    6.93    0.00    0.00    0.00   26.73
17:54:53       2   52.08    0.00   13.54    0.00    0.00    0.00    0.00    0.00    0.00   34.38
17:54:53       3   83.17    0.00   13.86    0.00    0.00    0.00    0.00    0.00    0.00    2.97

17:54:53     CPU    %usr   %nice    %sys %iowait    %irq   %soft  %steal  %guest  %gnice   %idle
17:54:54     all   58.71    0.00   10.95    0.00    0.00    1.99    0.00    0.00    0.00   28.36
17:54:54       0   62.63    0.00    8.08    0.00    0.00    0.00    0.00    0.00    0.00   29.29
17:54:54       1   46.60    0.00   10.68    0.00    0.00    6.80    0.00    0.00    0.00   35.92
17:54:54       2   55.00    0.00    9.00    0.00    0.00    1.00    0.00    0.00    0.00   35.00
17:54:54       3   71.00    0.00   16.00    0.00    0.00    0.00    0.00    0.00    0.00   13.00

17:54:54     CPU    %usr   %nice    %sys %iowait    %irq   %soft  %steal  %guest  %gnice   %idle
17:54:55     all   57.75    0.00   10.00    0.00    0.00    1.75    0.00    0.00    0.00   30.50
17:54:55       0   79.21    0.00    6.93    0.00    0.00    0.99    0.00    0.00    0.00   12.87
17:54:55       1   44.55    0.00    9.90    0.00    0.00    5.94    0.00    0.00    0.00   39.60
17:54:55       2   50.00    0.00   16.33    0.00    0.00    0.00    0.00    0.00    0.00   33.67
17:54:55       3   57.00    0.00    7.00    0.00    0.00    0.00    0.00    0.00    0.00   36.00

17:54:55     CPU    %usr   %nice    %sys %iowait    %irq   %soft  %steal  %guest  %gnice   %idle
17:54:56     all   60.31    0.00   12.72    0.00    0.00    1.02    0.00    0.00    0.00   25.95
17:54:56       0   61.86    0.00   15.46    0.00    0.00    0.00    0.00    0.00    0.00   22.68
17:54:56       1   66.67    0.00   11.11    0.00    0.00    4.04    0.00    0.00    0.00   18.18
17:54:56       2   54.08    0.00   14.29    0.00    0.00    0.00    0.00    0.00    0.00   31.63
17:54:56       3   58.59    0.00   10.10    0.00    0.00    0.00    0.00    0.00    0.00   31.31

17:54:56     CPU    %usr   %nice    %sys %iowait    %irq   %soft  %steal  %guest  %gnice   %idle
17:54:57     all   58.35    0.00   11.05    0.00    0.00    1.03    0.00    0.00    0.00   29.56
17:54:57       0   51.02    0.00   11.22    0.00    0.00    0.00    0.00    0.00    0.00   37.76
17:54:57       1   48.98    0.00   15.31    0.00    0.00    4.08    0.00    0.00    0.00   31.63
17:54:57       2   53.12    0.00    9.38    0.00    0.00    0.00    0.00    0.00    0.00   37.50
17:54:57       3   80.41    0.00    8.25    0.00    0.00    0.00    0.00    0.00    0.00   11.34

17:54:57     CPU    %usr   %nice    %sys %iowait    %irq   %soft  %steal  %guest  %gnice   %idle
17:54:58     all   58.27    0.00    9.67    0.00    0.00    0.76    0.00    0.00    0.00   31.30
17:54:58       0   60.20    0.00   10.20    0.00    0.00    0.00    0.00    0.00    0.00   29.59
17:54:58       1   63.64    0.00    8.08    0.00    0.00    2.02    0.00    0.00    0.00   26.26
17:54:58       2   45.92    0.00   12.24    0.00    0.00    1.02    0.00    0.00    0.00   40.82
17:54:58       3   63.27    0.00    8.16    0.00    0.00    0.00    0.00    0.00    0.00   28.57

17:54:58     CPU    %usr   %nice    %sys %iowait    %irq   %soft  %steal  %guest  %gnice   %idle
17:54:59     all   60.05    0.00   13.14    0.00    0.00    0.77    0.00    0.00    0.00   26.03
17:54:59       0   87.88    0.00    9.09    0.00    0.00    0.00    0.00    0.00    0.00    3.03
17:54:59       1   54.64    0.00   12.37    0.00    0.00    3.09    0.00    0.00    0.00   29.90
17:54:59       2   47.37    0.00   13.68    0.00    0.00    0.00    0.00    0.00    0.00   38.95
17:54:59       3   49.48    0.00   17.53    0.00    0.00    0.00    0.00    0.00    0.00   32.99

17:54:59     CPU    %usr   %nice    %sys %iowait    %irq   %soft  %steal  %guest  %gnice   %idle
17:55:00     all   58.10    0.00   11.57    0.00    0.00    0.77    0.00    0.00    0.00   29.56
17:55:00       0   71.72    0.00   14.14    0.00    0.00    0.00    0.00    0.00    0.00   14.14
17:55:00       1   48.98    0.00   12.24    0.00    0.00    2.04    0.00    0.00    0.00   36.73
17:55:00       2   47.87    0.00   13.83    0.00    0.00    0.00    0.00    0.00    0.00   38.30
17:55:00       3   63.27    0.00    6.12    0.00    0.00    1.02    0.00    0.00    0.00   29.59

17:55:00     CPU    %usr   %nice    %sys %iowait    %irq   %soft  %steal  %guest  %gnice   %idle
17:55:01     all   58.90    0.00   10.21    0.00    0.00    1.05    0.00    0.00    0.00   29.84
17:55:01       0   72.45    0.00    8.16    0.00    0.00    1.02    0.00    0.00    0.00   18.37
17:55:01       1   47.87    0.00   11.70    0.00    0.00    2.13    0.00    0.00    0.00   38.30
17:55:01       2   55.79    0.00    9.47    0.00    0.00    1.05    0.00    0.00    0.00   33.68
17:55:01       3   58.95    0.00   11.58    0.00    0.00    0.00    0.00    0.00    0.00   29.47

17:55:01     CPU    %usr   %nice    %sys %iowait    %irq   %soft  %steal  %guest  %gnice   %idle
17:55:02     all   59.38    0.00   12.50    0.00    0.00    0.26    0.00    0.00    0.00   27.86
17:55:02       0   73.47    0.00    7.14    0.00    0.00    0.00    0.00    0.00    0.00   19.39
17:55:02       1   48.39    0.00   15.05    0.00    0.00    1.08    0.00    0.00    0.00   35.48
17:55:02       2   55.21    0.00   11.46    0.00    0.00    0.00    0.00    0.00    0.00   33.33
17:55:02       3   59.79    0.00   16.49    0.00    0.00    0.00    0.00    0.00    0.00   23.71

17:55:02     CPU    %usr   %nice    %sys %iowait    %irq   %soft  %steal  %guest  %gnice   %idle
17:55:03     all   59.10    0.00   10.29    0.00    0.00    0.26    0.00    0.00    0.00   30.34
17:55:03       0   55.32    0.00   10.64    0.00    0.00    0.00    0.00    0.00    0.00   34.04
17:55:03       1   60.00    0.00   14.74    0.00    0.00    1.05    0.00    0.00    0.00   24.21
17:55:03       2   50.54    0.00    7.53    0.00    0.00    0.00    0.00    0.00    0.00   41.94
17:55:03       3   70.10    0.00    8.25    0.00    0.00    0.00    0.00    0.00    0.00   21.65

17:55:03     CPU    %usr   %nice    %sys %iowait    %irq   %soft  %steal  %guest  %gnice   %idle
17:55:04     all   58.12    0.00   10.21    0.00    0.00    0.52    0.00    0.00    0.00   31.15
17:55:04       0   57.73    0.00    9.28    0.00    0.00    0.00    0.00    0.00    0.00   32.99
17:55:04       1   46.81    0.00   11.70    0.00    0.00    2.13    0.00    0.00    0.00   39.36
17:55:04       2   51.61    0.00    8.60    0.00    0.00    0.00    0.00    0.00    0.00   39.78
17:55:04       3   75.51    0.00   11.22    0.00    0.00    0.00    0.00    0.00    0.00   13.27

17:55:04     CPU    %usr   %nice    %sys %iowait    %irq   %soft  %steal  %guest  %gnice   %idle
17:55:05     all   58.61    0.00   11.83    0.00    0.00    1.80    0.00    0.00    0.00   27.76
17:55:05       0   58.76    0.00    9.28    0.00    0.00    1.03    0.00    0.00    0.00   30.93
17:55:05       1   59.18    0.00   10.20    0.00    0.00    6.12    0.00    0.00    0.00   24.49
17:55:05       2   48.96    0.00   14.58    0.00    0.00    0.00    0.00    0.00    0.00   36.46
17:55:05       3   67.35    0.00   13.27    0.00    0.00    0.00    0.00    0.00    0.00   19.39

17:55:05     CPU    %usr   %nice    %sys %iowait    %irq   %soft  %steal  %guest  %gnice   %idle
17:55:06     all   59.55    0.00   10.30    0.00    0.00    1.76    0.00    0.00    0.00   28.39
17:55:06       0   59.18    0.00    9.18    0.00    0.00    0.00    0.00    0.00    0.00   31.63
17:55:06       1   55.45    0.00    9.90    0.00    0.00    5.94    0.00    0.00    0.00   28.71
17:55:06       2   52.53    0.00   11.11    0.00    0.00    0.00    0.00    0.00    0.00   36.36
17:55:06       3   71.00    0.00   11.00    0.00    0.00    1.00    0.00    0.00    0.00   17.00

17:55:06     CPU    %usr   %nice    %sys %iowait    %irq   %soft  %steal  %guest  %gnice   %idle
17:55:07     all   57.75    0.00   11.75    0.00    0.00    1.75    0.00    0.00    0.00   28.75
17:55:07       0   57.58    0.00   13.13    0.00    0.00    0.00    0.00    0.00    0.00   29.29
17:55:07       1   47.06    0.00    9.80    0.00    0.00    5.88    0.00    0.00    0.00   37.25
17:55:07       2   47.96    0.00   13.27    0.00    0.00    1.02    0.00    0.00    0.00   37.76
17:55:07       3   78.22    0.00   10.89    0.00    0.00    0.00    0.00    0.00    0.00   10.89

17:55:07     CPU    %usr   %nice    %sys %iowait    %irq   %soft  %steal  %guest  %gnice   %idle
17:55:08     all   59.03    0.00   12.21    0.00    0.00    1.27    0.00    0.00    0.00   27.48
17:55:08       0   54.64    0.00   13.40    0.00    0.00    0.00    0.00    0.00    0.00   31.96
17:55:08       1   43.56    0.00   12.87    0.00    0.00    4.95    0.00    0.00    0.00   38.61
17:55:08       2   51.04    0.00   12.50    0.00    0.00    0.00    0.00    0.00    0.00   36.46
17:55:08       3   86.87    0.00   10.10    0.00    0.00    0.00    0.00    0.00    0.00    3.03

17:55:08     CPU    %usr   %nice    %sys %iowait    %irq   %soft  %steal  %guest  %gnice   %idle
17:55:09     all   58.59    0.00   10.86    0.25    0.00    1.01    0.00    0.00    0.00   29.29
17:55:09       0   63.27    0.00   11.22    0.00    0.00    0.00    0.00    0.00    0.00   25.51
17:55:09       1   50.00    0.00   10.00    0.00    0.00    4.00    0.00    0.00    0.00   36.00
17:55:09       2   55.10    0.00   10.20    0.00    0.00    0.00    0.00    0.00    0.00   34.69
17:55:09       3   66.00    0.00   12.00    1.00    0.00    0.00    0.00    0.00    0.00   21.00

17:55:09     CPU    %usr   %nice    %sys %iowait    %irq   %soft  %steal  %guest  %gnice   %idle
17:55:10     all   58.06    0.00   11.51    0.00    0.00    1.53    0.00    0.00    0.00   28.90
17:55:10       0   86.00    0.00    9.00    0.00    0.00    1.00    0.00    0.00    0.00    4.00
17:55:10       1   47.47    0.00   13.13    0.00    0.00    3.03    0.00    0.00    0.00   36.36
17:55:10       2   52.08    0.00    7.29    0.00    0.00    1.04    0.00    0.00    0.00   39.58
17:55:10       3   45.83    0.00   16.67    0.00    0.00    1.04    0.00    0.00    0.00   36.46

17:55:10     CPU    %usr   %nice    %sys %iowait    %irq   %soft  %steal  %guest  %gnice   %idle
17:55:11     all   57.88    0.00   11.89    0.00    0.00    0.78    0.00    0.00    0.00   29.46
17:55:11       0   55.10    0.00   12.24    0.00    0.00    0.00    0.00    0.00    0.00   32.65
17:55:11       1   61.46    0.00    9.38    0.00    0.00    3.12    0.00    0.00    0.00   26.04
17:55:11       2   43.01    0.00   13.98    0.00    0.00    0.00    0.00    0.00    0.00   43.01
17:55:11       3   71.00    0.00   12.00    0.00    0.00    0.00    0.00    0.00    0.00   17.00

17:55:11     CPU    %usr   %nice    %sys %iowait    %irq   %soft  %steal  %guest  %gnice   %idle
17:55:12     all   58.72    0.00   10.51    0.00    0.00    0.77    0.00    0.00    0.00   30.00
17:55:12       0   68.04    0.00   10.31    0.00    0.00    0.00    0.00    0.00    0.00   21.65
17:55:12       1   51.02    0.00   11.22    0.00    0.00    3.06    0.00    0.00    0.00   34.69
17:55:12       2   54.64    0.00   12.37    0.00    0.00    0.00    0.00    0.00    0.00   32.99
17:55:12       3   61.22    0.00    8.16    0.00    0.00    0.00    0.00    0.00    0.00   30.61

17:55:12     CPU    %usr   %nice    %sys %iowait    %irq   %soft  %steal  %guest  %gnice   %idle
17:55:13     all   58.12    0.00   11.52    0.00    0.00    0.52    0.00    0.00    0.00   29.84
17:55:13       0   62.89    0.00   12.37    0.00    0.00    0.00    0.00    0.00    0.00   24.74
17:55:13       1   52.13    0.00    9.57    0.00    0.00    2.13    0.00    0.00    0.00   36.17
17:55:13       2   51.58    0.00   15.79    0.00    0.00    0.00    0.00    0.00    0.00   32.63
17:55:13       3   65.62    0.00    8.33    0.00    0.00    0.00    0.00    0.00    0.00   26.04

17:55:13     CPU    %usr   %nice    %sys %iowait    %irq   %soft  %steal  %guest  %gnice   %idle
17:55:14     all   58.59    0.00   11.46    0.00    0.00    0.78    0.00    0.00    0.00   29.17
17:55:14       0   46.32    0.00   14.74    0.00    0.00    1.05    0.00    0.00    0.00   37.89
17:55:14       1   73.20    0.00    8.25    0.00    0.00    2.06    0.00    0.00    0.00   16.49
17:55:14       2   48.42    0.00   13.68    0.00    0.00    0.00    0.00    0.00    0.00   37.89
17:55:14       3   65.98    0.00    9.28    0.00    0.00    0.00    0.00    0.00    0.00   24.74

17:55:14     CPU    %usr   %nice    %sys %iowait    %irq   %soft  %steal  %guest  %gnice   %idle
17:55:15     all   59.21    0.00   10.53    0.26    0.00    0.53    0.00    0.00    0.00   29.47
17:55:15       0   63.16    0.00    8.42    0.00    0.00    0.00    0.00    0.00    0.00   28.42
17:55:15       1   52.17    0.00   10.87    0.00    0.00    1.09    0.00    0.00    0.00   35.87
17:55:15       2   51.04    0.00   10.42    1.04    0.00    1.04    0.00    0.00    0.00   36.46
17:55:15       3   70.10    0.00   12.37    0.00    0.00    0.00    0.00    0.00    0.00   17.53

17:55:15     CPU    %usr   %nice    %sys %iowait    %irq   %soft  %steal  %guest  %gnice   %idle
17:55:16     all   58.49    0.00   11.75    0.00    0.00    0.26    0.00    0.00    0.00   29.50
17:55:16       0   73.47    0.00    8.16    0.00    0.00    0.00    0.00    0.00    0.00   18.37
17:55:16       1   49.47    0.00   11.58    0.00    0.00    1.05    0.00    0.00    0.00   37.89
17:55:16       2   46.32    0.00   15.79    0.00    0.00    0.00    0.00    0.00    0.00   37.89
17:55:16       3   64.21    0.00   11.58    0.00    0.00    0.00    0.00    0.00    0.00   24.21

17:55:16     CPU    %usr   %nice    %sys %iowait    %irq   %soft  %steal  %guest  %gnice   %idle
17:55:17     all   59.37    0.00   11.61    0.00    0.00    0.53    0.00    0.00    0.00   28.50
17:55:17       0   91.00    0.00    5.00    0.00    0.00    0.00    0.00    0.00    0.00    4.00
17:55:17       1   42.86    0.00   15.38    0.00    0.00    1.10    0.00    0.00    0.00   40.66
17:55:17       2   56.38    0.00   12.77    0.00    0.00    0.00    0.00    0.00    0.00   30.85
17:55:17       3   44.68    0.00   13.83    0.00    0.00    1.06    0.00    0.00    0.00   40.43

17:55:17     CPU    %usr   %nice    %sys %iowait    %irq   %soft  %steal  %guest  %gnice   %idle
17:55:18     all   58.29    0.00    9.59    0.00    0.00    1.55    0.00    0.00    0.00   30.57
17:55:18       0   64.95    0.00   10.31    0.00    0.00    0.00    0.00    0.00    0.00   24.74
17:55:18       1   57.58    0.00   10.10    0.00    0.00    6.06    0.00    0.00    0.00   26.26
17:55:18       2   44.21    0.00   12.63    0.00    0.00    0.00    0.00    0.00    0.00   43.16
17:55:18       3   66.32    0.00    5.26    0.00    0.00    0.00    0.00    0.00    0.00   28.42

17:55:18     CPU    %usr   %nice    %sys %iowait    %irq   %soft  %steal  %guest  %gnice   %idle
17:55:19     all   58.50    0.00   12.50    0.00    0.00    1.50    0.00    0.00    0.00   27.50
17:55:19       0   54.55    0.00   10.10    0.00    0.00    0.00    0.00    0.00    0.00   35.35
17:55:19       1   48.04    0.00   15.69    0.00    0.00    5.88    0.00    0.00    0.00   30.39
17:55:19       2   47.47    0.00   16.16    0.00    0.00    0.00    0.00    0.00    0.00   36.36
17:55:19       3   84.00    0.00    8.00    0.00    0.00    0.00    0.00    0.00    0.00    8.00

17:55:19     CPU    %usr   %nice    %sys %iowait    %irq   %soft  %steal  %guest  %gnice   %idle
17:55:20     all   58.60    0.00   11.97    0.00    0.00    2.24    0.00    0.00    0.00   27.18
17:55:20       0   47.52    0.00   14.85    0.00    0.00    0.99    0.00    0.00    0.00   36.63
17:55:20       1   50.00    0.00   15.00    0.00    0.00    7.00    0.00    0.00    0.00   28.00
17:55:20       2   49.00    0.00   14.00    0.00    0.00    1.00    0.00    0.00    0.00   36.00
17:55:20       3   88.00    0.00    4.00    0.00    0.00    0.00    0.00    0.00    0.00    8.00

17:55:20     CPU    %usr   %nice    %sys %iowait    %irq   %soft  %steal  %guest  %gnice   %idle
17:55:21     all   58.94    0.00   11.08    0.00    0.00    1.26    0.00    0.00    0.00   28.72
17:55:21       0   66.67    0.00   10.10    0.00    0.00    0.00    0.00    0.00    0.00   23.23
17:55:21       1   53.54    0.00   11.11    0.00    0.00    4.04    0.00    0.00    0.00   31.31
17:55:21       2   51.52    0.00    9.09    0.00    0.00    0.00    0.00    0.00    0.00   39.39
17:55:21       3   64.00    0.00   14.00    0.00    0.00    1.00    0.00    0.00    0.00   21.00

17:55:21     CPU    %usr   %nice    %sys %iowait    %irq   %soft  %steal  %guest  %gnice   %idle
17:55:22     all   57.93    0.00   12.85    0.00    0.00    1.01    0.00    0.00    0.00   28.21
17:55:22       0   56.12    0.00   13.27    0.00    0.00    0.00    0.00    0.00    0.00   30.61
17:55:22       1   59.00    0.00   15.00    0.00    0.00    4.00    0.00    0.00    0.00   22.00
17:55:22       2   51.00    0.00   10.00    0.00    0.00    0.00    0.00    0.00    0.00   39.00
17:55:22       3   65.66    0.00   13.13    0.00    0.00    0.00    0.00    0.00    0.00   21.21

17:55:22     CPU    %usr   %nice    %sys %iowait    %irq   %soft  %steal  %guest  %gnice   %idle
17:55:23     all   58.06    0.00   11.25    0.26    0.00    1.02    0.00    0.00    0.00   29.41
17:55:23       0   86.00    0.00    6.00    0.00    0.00    1.00    0.00    0.00    0.00    7.00
17:55:23       1   45.00    0.00   16.00    1.00    0.00    3.00    0.00    0.00    0.00   35.00
17:55:23       2   52.63    0.00   10.53    0.00    0.00    0.00    0.00    0.00    0.00   36.84
17:55:23       3   47.92    0.00   12.50    0.00    0.00    0.00    0.00    0.00    0.00   39.58

17:55:23     CPU    %usr   %nice    %sys %iowait    %irq   %soft  %steal  %guest  %gnice   %idle
17:55:24     all   59.17    0.00   10.85    0.00    0.00    0.78    0.00    0.00    0.00   29.20
17:55:24       0   72.45    0.00    7.14    0.00    0.00    0.00    0.00    0.00    0.00   20.41
17:55:24       1   58.33    0.00    9.38    0.00    0.00    3.12    0.00    0.00    0.00   29.17
17:55:24       2   45.26    0.00   13.68    0.00    0.00    0.00    0.00    0.00    0.00   41.05
17:55:24       3   60.20    0.00   13.27    0.00    0.00    0.00    0.00    0.00    0.00   26.53

17:55:24     CPU    %usr   %nice    %sys %iowait    %irq   %soft  %steal  %guest  %gnice   %idle
17:55:25     all   58.72    0.00   13.59    0.00    0.00    1.03    0.00    0.00    0.00   26.67
17:55:25       0   68.37    0.00   20.41    0.00    0.00    0.00    0.00    0.00    0.00   11.22
17:55:25       1   55.21    0.00    9.38    0.00    0.00    3.12    0.00    0.00    0.00   32.29
17:55:25       2   56.57    0.00   15.15    0.00    0.00    0.00    0.00    0.00    0.00   28.28
17:55:25       3   54.64    0.00    9.28    0.00    0.00    1.03    0.00    0.00    0.00   35.05

17:55:25     CPU    %usr   %nice    %sys %iowait    %irq   %soft  %steal  %guest  %gnice   %idle
17:55:26     all   58.25    0.00    9.79    0.00    0.00    0.77    0.00    0.00    0.00   31.19
17:55:26       0   43.16    0.00   12.63    0.00    0.00    0.00    0.00    0.00    0.00   44.21
17:55:26       1   75.51    0.00    8.16    0.00    0.00    2.04    0.00    0.00    0.00   14.29
17:55:26       2   59.79    0.00    8.25    0.00    0.00    1.03    0.00    0.00    0.00   30.93
17:55:26       3   54.08    0.00   10.20    0.00    0.00    0.00    0.00    0.00    0.00   35.71

17:55:26     CPU    %usr   %nice    %sys %iowait    %irq   %soft  %steal  %guest  %gnice   %idle
17:55:27     all   58.79    0.00    9.71    0.00    0.00    0.52    0.00    0.00    0.00   30.97
17:55:27       0   61.22    0.00   11.22    0.00    0.00    1.02    0.00    0.00    0.00   26.53
17:55:27       1   57.45    0.00    8.51    0.00    0.00    1.06    0.00    0.00    0.00   32.98
17:55:27       2   44.09    0.00   12.90    0.00    0.00    0.00    0.00    0.00    0.00   43.01
17:55:27       3   71.88    0.00    6.25    0.00    0.00    0.00    0.00    0.00    0.00   21.88

17:55:27     CPU    %usr   %nice    %sys %iowait    %irq   %soft  %steal  %guest  %gnice   %idle
17:55:28     all   60.42    0.00   13.28    0.00    0.00    0.26    0.00    0.00    0.00   26.04
17:55:28       0   50.53    0.00   18.95    0.00    0.00    0.00    0.00    0.00    0.00   30.53
17:55:28       1   62.50    0.00   11.46    0.00    0.00    1.04    0.00    0.00    0.00   25.00
17:55:28       2   53.68    0.00   13.68    0.00    0.00    0.00    0.00    0.00    0.00   32.63
17:55:28       3   74.49    0.00    9.18    0.00    0.00    0.00    0.00    0.00    0.00   16.33

17:55:28     CPU    %usr   %nice    %sys %iowait    %irq   %soft  %steal  %guest  %gnice   %idle
17:55:29     all   57.11    0.00    9.47    0.00    0.00    0.26    0.00    0.00    0.00   33.16
17:55:29       0   75.00    0.00    7.29    0.00    0.00    0.00    0.00    0.00    0.00   17.71
17:55:29       1   49.47    0.00   12.63    0.00    0.00    1.05    0.00    0.00    0.00   36.84
17:55:29       2   46.81    0.00   10.64    0.00    0.00    0.00    0.00    0.00    0.00   42.55
17:55:29       3   56.84    0.00    7.37    0.00    0.00    0.00    0.00    0.00    0.00   35.79

17:55:29     CPU    %usr   %nice    %sys %iowait    %irq   %soft  %steal  %guest  %gnice   %idle
17:55:30     all   56.99    0.00   11.14    0.00    0.00    1.30    0.00    0.00    0.00   30.57
17:55:30       0   76.24    0.00   11.88    0.00    0.00    0.99    0.00    0.00    0.00   10.89
17:55:30       1   45.74    0.00   10.64    0.00    0.00    2.13    0.00    0.00    0.00   41.49
17:55:30       2   56.25    0.00    9.38    0.00    0.00    1.04    0.00    0.00    0.00   33.33
17:55:30       3   48.42    0.00   12.63    0.00    0.00    1.05    0.00    0.00    0.00   37.89

17:55:30     CPU    %usr   %nice    %sys %iowait    %irq   %soft  %steal  %guest  %gnice   %idle
17:55:31     all   60.42    0.00   13.54    0.00    0.00    0.52    0.00    0.00    0.00   25.52
17:55:31       0   51.04    0.00   14.58    0.00    0.00    0.00    0.00    0.00    0.00   34.38
17:55:31       1   53.68    0.00   16.84    0.00    0.00    2.11    0.00    0.00    0.00   27.37
17:55:31       2   44.68    0.00   19.15    0.00    0.00    0.00    0.00    0.00    0.00   36.17
17:55:31       3   90.91    0.00    4.04    0.00    0.00    0.00    0.00    0.00    0.00    5.05

17:55:31     CPU    %usr   %nice    %sys %iowait    %irq   %soft  %steal  %guest  %gnice   %idle
17:55:32     all   57.22    0.00    8.86    0.00    0.00    2.03    0.00    0.00    0.00   31.90
17:55:32       0   72.16    0.00    5.15    0.00    0.00    0.00    0.00    0.00    0.00   22.68
17:55:32       1   45.10    0.00    9.80    0.00    0.00    7.84    0.00    0.00    0.00   37.25
17:55:32       2   50.00    0.00   10.20    0.00    0.00    0.00    0.00    0.00    0.00   39.80
17:55:32       3   62.24    0.00   10.20    0.00    0.00    0.00    0.00    0.00    0.00   27.55

17:55:32     CPU    %usr   %nice    %sys %iowait    %irq   %soft  %steal  %guest  %gnice   %idle
17:55:33     all   57.64    0.00   12.78    0.00    0.00    2.01    0.00    0.00    0.00   27.57
17:55:33       0   63.00    0.00   12.00    0.00    0.00    0.00    0.00    0.00    0.00   25.00
17:55:33       1   47.52    0.00   13.86    0.00    0.00    6.93    0.00    0.00    0.00   31.68
17:55:33       2   60.61    0.00   13.13    0.00    0.00    0.00    0.00    0.00    0.00   26.26
17:55:33       3   59.60    0.00   12.12    0.00    0.00    1.01    0.00    0.00    0.00   27.27

17:55:33     CPU    %usr   %nice    %sys %iowait    %irq   %soft  %steal  %guest  %gnice   %idle
17:55:34     all   59.40    0.00   11.78    0.00    0.00    1.25    0.00    0.00    0.00   27.57
17:55:34       0   74.00    0.00   12.00    0.00    0.00    1.00    0.00    0.00    0.00   13.00
17:55:34       1   48.00    0.00   13.00    0.00    0.00    4.00    0.00    0.00    0.00   35.00
17:55:34       2   63.64    0.00    9.09    0.00    0.00    0.00    0.00    0.00    0.00   27.27
17:55:34       3   52.00    0.00   13.00    0.00    0.00    0.00    0.00    0.00    0.00   35.00

17:55:34     CPU    %usr   %nice    %sys %iowait    %irq   %soft  %steal  %guest  %gnice   %idle
17:55:35     all   57.97    0.00    9.62    0.00    0.00    1.27    0.00    0.00    0.00   31.14
17:55:35       0   69.70    0.00    9.09    0.00    0.00    0.00    0.00    0.00    0.00   21.21
17:55:35       1   46.53    0.00   10.89    0.00    0.00    4.95    0.00    0.00    0.00   37.62
17:55:35       2   46.39    0.00    9.28    0.00    0.00    0.00    0.00    0.00    0.00   44.33
17:55:35       3   69.39    0.00    9.18    0.00    0.00    0.00    0.00    0.00    0.00   21.43

17:55:35     CPU    %usr   %nice    %sys %iowait    %irq   %soft  %steal  %guest  %gnice   %idle
17:55:36     all   58.73    0.00   13.92    0.00    0.00    1.01    0.00    0.00    0.00   26.33
17:55:36       0   50.00    0.00   14.29    0.00    0.00    0.00    0.00    0.00    0.00   35.71
17:55:36       1   62.00    0.00   12.00    0.00    0.00    4.00    0.00    0.00    0.00   22.00
17:55:36       2   47.42    0.00   14.43    0.00    0.00    0.00    0.00    0.00    0.00   38.14
17:55:36       3   75.00    0.00   15.00    0.00    0.00    0.00    0.00    0.00    0.00   10.00

17:55:36     CPU    %usr   %nice    %sys %iowait    %irq   %soft  %steal  %guest  %gnice   %idle
17:55:37     all   59.23    0.00   11.03    0.00    0.00    1.03    0.00    0.00    0.00   28.72
17:55:37       0   56.12    0.00    9.18    0.00    0.00    0.00    0.00    0.00    0.00   34.69
17:55:37       1   57.73    0.00   13.40    0.00    0.00    3.09    0.00    0.00    0.00   25.77
17:55:37       2   49.48    0.00   11.34    0.00    0.00    1.03    0.00    0.00    0.00   38.14
17:55:37       3   73.47    0.00   10.20    0.00    0.00    0.00    0.00    0.00    0.00   16.33

17:55:37     CPU    %usr   %nice    %sys %iowait    %irq   %soft  %steal  %guest  %gnice   %idle
17:55:38     all   57.47    0.00   10.05    0.00    0.00    1.03    0.00    0.00    0.00   31.44
17:55:38       0   75.51    0.00    5.10    0.00    0.00    1.02    0.00    0.00    0.00   18.37
17:55:38       1   45.83    0.00   10.42    0.00    0.00    3.12    0.00    0.00    0.00   40.62
17:55:38       2   50.00    0.00   14.58    0.00    0.00    0.00    0.00    0.00    0.00   35.42
17:55:38       3   58.16    0.00   10.20    0.00    0.00    0.00    0.00    0.00    0.00   31.63

17:55:38     CPU    %usr   %nice    %sys %iowait    %irq   %soft  %steal  %guest  %gnice   %idle
17:55:39     all   60.26    0.00   12.82    0.00    0.00    1.03    0.00    0.00    0.00   25.90
17:55:39       0   68.69    0.00   14.14    0.00    0.00    0.00    0.00    0.00    0.00   17.17
17:55:39       1   53.61    0.00   10.31    0.00    0.00    3.09    0.00    0.00    0.00   32.99
17:55:39       2   50.53    0.00   13.68    0.00    0.00    0.00    0.00    0.00    0.00   35.79
17:55:39       3   67.68    0.00   13.13    0.00    0.00    1.01    0.00    0.00    0.00   18.18

17:55:39     CPU    %usr   %nice    %sys %iowait    %irq   %soft  %steal  %guest  %gnice   %idle
17:55:40     all   57.03    0.00   12.24    0.00    0.00    0.52    0.00    0.00    0.00   30.21
17:55:40       0   64.95    0.00   11.34    0.00    0.00    0.00    0.00    0.00    0.00   23.71
17:55:40       1   50.00    0.00   12.77    0.00    0.00    2.13    0.00    0.00    0.00   35.11
17:55:40       2   49.47    0.00   11.58    0.00    0.00    0.00    0.00    0.00    0.00   38.95
17:55:40       3   63.27    0.00   13.27    0.00    0.00    0.00    0.00    0.00    0.00   23.47

17:55:40     CPU    %usr   %nice    %sys %iowait    %irq   %soft  %steal  %guest  %gnice   %idle
17:55:41     all   58.16    0.00    8.95    0.00    0.00    0.53    0.00    0.00    0.00   32.37
17:55:41       0   80.61    0.00    6.12    0.00    0.00    0.00    0.00    0.00    0.00   13.27
17:55:41       1   51.58    0.00    9.47    0.00    0.00    2.11    0.00    0.00    0.00   36.84
17:55:41       2   52.13    0.00   11.70    0.00    0.00    0.00    0.00    0.00    0.00   36.17
17:55:41       3   47.31    0.00    8.60    0.00    0.00    0.00    0.00    0.00    0.00   44.09

17:55:41     CPU    %usr   %nice    %sys %iowait    %irq   %soft  %steal  %guest  %gnice   %idle
17:55:42     all   59.38    0.00   12.76    0.00    0.00    0.52    0.00    0.00    0.00   27.34
17:55:42       0   78.57    0.00   12.24    0.00    0.00    0.00    0.00    0.00    0.00    9.18
17:55:42       1   47.37    0.00   14.74    0.00    0.00    1.05    0.00    0.00    0.00   36.84
17:55:42       2   63.16    0.00    7.37    0.00    0.00    1.05    0.00    0.00    0.00   28.42
17:55:42       3   47.92    0.00   16.67    0.00    0.00    0.00    0.00    0.00    0.00   35.42

17:55:42     CPU    %usr   %nice    %sys %iowait    %irq   %soft  %steal  %guest  %gnice   %idle
17:55:43     all   59.04    0.00   10.90    0.00    0.00    0.27    0.00    0.00    0.00   29.79
17:55:43       0   72.16    0.00    8.25    0.00    0.00    1.03    0.00    0.00    0.00   18.56
17:55:43       1   50.00    0.00   11.11    0.00    0.00    0.00    0.00    0.00    0.00   38.89
17:55:43       2   50.00    0.00   13.83    0.00    0.00    0.00    0.00    0.00    0.00   36.17
17:55:43       3   63.16    0.00   10.53    0.00    0.00    0.00    0.00    0.00    0.00   26.32

Average:     CPU    %usr   %nice    %sys %iowait    %irq   %soft  %steal  %guest  %gnice   %idle
Average:     all   59.11    0.00   11.56    0.02    0.00    1.01    0.00    0.00    0.00   28.30
Average:       0   65.47    0.00   11.05    0.02    0.00    0.31    0.00    0.00    0.00   23.16
Average:       1   53.92    0.00   11.84    0.02    0.00    3.29    0.00    0.00    0.00   30.94
Average:       2   51.53    0.00   12.31    0.02    0.00    0.23    0.00    0.00    0.00   35.93
Average:       3   65.38    0.00   11.05    0.02    0.00    0.22    0.00    0.00    0.00   23.34
