Linux 7.0.0-31-generic (ubuntu-Latitude-3490) 	09/30/26 	_x86_64_	(4 CPU)

18:10:17     CPU    %usr   %nice    %sys %iowait    %irq   %soft  %steal  %guest  %gnice   %idle
18:10:18     all   23.50    0.00    6.79    0.00    0.00    0.78    0.00    0.00    0.00   68.93
18:10:18       0   23.96    0.00    5.21    0.00    0.00    0.00    0.00    0.00    0.00   70.83
18:10:18       1   29.17    0.00   10.42    0.00    0.00    2.08    0.00    0.00    0.00   58.33
18:10:18       2   21.28    0.00    7.45    0.00    0.00    0.00    0.00    0.00    0.00   71.28
18:10:18       3   19.59    0.00    4.12    0.00    0.00    1.03    0.00    0.00    0.00   75.26

18:10:18     CPU    %usr   %nice    %sys %iowait    %irq   %soft  %steal  %guest  %gnice   %idle
18:10:19     all   23.35    0.00   11.17    0.00    0.00    0.76    0.00    0.00    0.00   64.72
18:10:19       0   16.33    0.00   17.35    0.00    0.00    0.00    0.00    0.00    0.00   66.33
18:10:19       1   27.27    0.00    9.09    0.00    0.00    3.03    0.00    0.00    0.00   60.61
18:10:19       2   28.57    0.00    8.16    0.00    0.00    0.00    0.00    0.00    0.00   63.27
18:10:19       3   21.21    0.00   10.10    0.00    0.00    0.00    0.00    0.00    0.00   68.69

18:10:19     CPU    %usr   %nice    %sys %iowait    %irq   %soft  %steal  %guest  %gnice   %idle
18:10:20     all   24.38    0.00    6.72    0.00    0.00    0.75    0.00    0.00    0.00   68.16
18:10:20       0   21.21    0.00    7.07    0.00    0.00    0.00    0.00    0.00    0.00   71.72
18:10:20       1   27.72    0.00    6.93    0.00    0.00    2.97    0.00    0.00    0.00   62.38
18:10:20       2   28.00    0.00    7.00    0.00    0.00    0.00    0.00    0.00    0.00   65.00
18:10:20       3   20.59    0.00    5.88    0.00    0.00    0.00    0.00    0.00    0.00   73.53

18:10:20     CPU    %usr   %nice    %sys %iowait    %irq   %soft  %steal  %guest  %gnice   %idle
18:10:21     all   23.94    0.00    9.48    0.25    0.00    1.50    0.00    0.00    0.00   64.84
18:10:21       0   30.30    0.00    9.09    0.00    0.00    0.00    0.00    0.00    0.00   60.61
18:10:21       1   27.18    0.00    8.74    0.97    0.00    4.85    0.00    0.00    0.00   58.25
18:10:21       2   18.18    0.00   10.10    0.00    0.00    1.01    0.00    0.00    0.00   70.71
18:10:21       3   20.00    0.00   10.00    0.00    0.00    0.00    0.00    0.00    0.00   70.00

18:10:21     CPU    %usr   %nice    %sys %iowait    %irq   %soft  %steal  %guest  %gnice   %idle
18:10:22     all   20.43    0.00    7.26    0.00    0.00    0.54    0.00    0.00    0.00   71.77
18:10:22       0   23.40    0.00    8.51    0.00    0.00    0.00    0.00    0.00    0.00   68.09
18:10:22       1   20.65    0.00    6.52    0.00    0.00    2.17    0.00    0.00    0.00   70.65
18:10:22       2   24.73    0.00    7.53    0.00    0.00    0.00    0.00    0.00    0.00   67.74
18:10:22       3   12.90    0.00    6.45    0.00    0.00    0.00    0.00    0.00    0.00   80.65

18:10:22     CPU    %usr   %nice    %sys %iowait    %irq   %soft  %steal  %guest  %gnice   %idle
18:10:23     all   23.24    0.00   10.70    0.00    0.00    0.52    0.00    0.00    0.00   65.54
18:10:23       0   29.90    0.00   10.31    0.00    0.00    0.00    0.00    0.00    0.00   59.79
18:10:23       1   18.95    0.00   10.53    0.00    0.00    2.11    0.00    0.00    0.00   68.42
18:10:23       2   23.40    0.00    9.57    0.00    0.00    0.00    0.00    0.00    0.00   67.02
18:10:23       3   20.62    0.00   12.37    0.00    0.00    0.00    0.00    0.00    0.00   67.01

18:10:23     CPU    %usr   %nice    %sys %iowait    %irq   %soft  %steal  %guest  %gnice   %idle
18:10:24     all   22.16    0.00    6.44    0.00    0.00    0.77    0.00    0.00    0.00   70.62
18:10:24       0   21.43    0.00    5.10    0.00    0.00    0.00    0.00    0.00    0.00   73.47
18:10:24       1   30.61    0.00    7.14    0.00    0.00    3.06    0.00    0.00    0.00   59.18
18:10:24       2   16.84    0.00    8.42    0.00    0.00    0.00    0.00    0.00    0.00   74.74
18:10:24       3   19.59    0.00    5.15    0.00    0.00    0.00    0.00    0.00    0.00   75.26

18:10:24     CPU    %usr   %nice    %sys %iowait    %irq   %soft  %steal  %guest  %gnice   %idle
18:10:25     all   27.71    0.00   12.34    0.00    0.00    0.76    0.00    0.00    0.00   59.19
18:10:25       0   30.30    0.00   10.10    0.00    0.00    0.00    0.00    0.00    0.00   59.60
18:10:25       1   32.32    0.00   11.11    0.00    0.00    3.03    0.00    0.00    0.00   53.54
18:10:25       2   21.65    0.00   14.43    0.00    0.00    0.00    0.00    0.00    0.00   63.92
18:10:25       3   26.47    0.00   13.73    0.00    0.00    0.00    0.00    0.00    0.00   59.80

18:10:25     CPU    %usr   %nice    %sys %iowait    %irq   %soft  %steal  %guest  %gnice   %idle
18:10:26     all   23.00    0.00    6.50    0.00    0.00    1.00    0.00    0.00    0.00   69.50
18:10:26       0   23.23    0.00    6.06    0.00    0.00    0.00    0.00    0.00    0.00   70.71
18:10:26       1   28.16    0.00    5.83    0.00    0.00    3.88    0.00    0.00    0.00   62.14
18:10:26       2   18.18    0.00    6.06    0.00    0.00    0.00    0.00    0.00    0.00   75.76
18:10:26       3   22.22    0.00    8.08    0.00    0.00    0.00    0.00    0.00    0.00   69.70

18:10:26     CPU    %usr   %nice    %sys %iowait    %irq   %soft  %steal  %guest  %gnice   %idle
18:10:27     all   22.45    0.00   10.18    0.00    0.00    1.04    0.00    0.00    0.00   66.32
18:10:27       0   21.88    0.00   12.50    0.00    0.00    0.00    0.00    0.00    0.00   65.62
18:10:27       1   24.74    0.00   11.34    0.00    0.00    4.12    0.00    0.00    0.00   59.79
18:10:27       2   15.96    0.00    8.51    0.00    0.00    0.00    0.00    0.00    0.00   75.53
18:10:27       3   27.08    0.00    8.33    0.00    0.00    0.00    0.00    0.00    0.00   64.58

18:10:27     CPU    %usr   %nice    %sys %iowait    %irq   %soft  %steal  %guest  %gnice   %idle
18:10:28     all   19.15    0.00    7.71    0.00    0.00    0.27    0.00    0.00    0.00   72.87
18:10:28       0   13.83    0.00   11.70    0.00    0.00    0.00    0.00    0.00    0.00   74.47
18:10:28       1   27.96    0.00    2.15    0.00    0.00    1.08    0.00    0.00    0.00   68.82
18:10:28       2   17.02    0.00   10.64    0.00    0.00    0.00    0.00    0.00    0.00   72.34
18:10:28       3   17.89    0.00    6.32    0.00    0.00    0.00    0.00    0.00    0.00   75.79

18:10:28     CPU    %usr   %nice    %sys %iowait    %irq   %soft  %steal  %guest  %gnice   %idle
18:10:29     all   24.67    0.00    9.71    0.00    0.00    0.52    0.00    0.00    0.00   65.09
18:10:29       0   25.00    0.00    9.38    0.00    0.00    0.00    0.00    0.00    0.00   65.62
18:10:29       1   22.11    0.00    8.42    0.00    0.00    2.11    0.00    0.00    0.00   67.37
18:10:29       2   20.21    0.00   11.70    0.00    0.00    0.00    0.00    0.00    0.00   68.09
18:10:29       3   31.25    0.00    9.38    0.00    0.00    0.00    0.00    0.00    0.00   59.38

18:10:29     CPU    %usr   %nice    %sys %iowait    %irq   %soft  %steal  %guest  %gnice   %idle
18:10:30     all   22.39    0.00    5.60    0.00    0.00    0.76    0.00    0.00    0.00   71.25
18:10:30       0   29.70    0.00    5.94    0.00    0.00    0.00    0.00    0.00    0.00   64.36
18:10:30       1   20.41    0.00    5.10    0.00    0.00    2.04    0.00    0.00    0.00   72.45
18:10:30       2   18.75    0.00    5.21    0.00    0.00    0.00    0.00    0.00    0.00   76.04
18:10:30       3   20.41    0.00    6.12    0.00    0.00    1.02    0.00    0.00    0.00   72.45

18:10:30     CPU    %usr   %nice    %sys %iowait    %irq   %soft  %steal  %guest  %gnice   %idle
18:10:31     all   24.32    0.00   10.92    0.25    0.00    1.24    0.00    0.00    0.00   63.28
18:10:31       0   26.00    0.00   10.00    0.00    0.00    0.00    0.00    0.00    0.00   64.00
18:10:31       1   25.49    0.00   12.75    0.00    0.00    3.92    0.00    0.00    0.00   57.84
18:10:31       2   24.00    0.00   11.00    0.00    0.00    1.00    0.00    0.00    0.00   64.00
18:10:31       3   21.78    0.00    9.90    0.99    0.00    0.00    0.00    0.00    0.00   67.33

18:10:31     CPU    %usr   %nice    %sys %iowait    %irq   %soft  %steal  %guest  %gnice   %idle
18:10:32     all   23.89    0.00    7.39    0.00    0.00    1.48    0.00    0.00    0.00   67.24
18:10:32       0   25.24    0.00    9.71    0.00    0.00    0.97    0.00    0.00    0.00   64.08
18:10:32       1   21.15    0.00    5.77    0.00    0.00    4.81    0.00    0.00    0.00   68.27
18:10:32       2   22.00    0.00    8.00    0.00    0.00    0.00    0.00    0.00    0.00   70.00
18:10:32       3   27.27    0.00    6.06    0.00    0.00    0.00    0.00    0.00    0.00   66.67

18:10:32     CPU    %usr   %nice    %sys %iowait    %irq   %soft  %steal  %guest  %gnice   %idle
18:10:33     all   20.21    0.00   10.37    0.00    0.00    0.53    0.00    0.00    0.00   68.88
18:10:33       0   22.11    0.00   12.63    0.00    0.00    0.00    0.00    0.00    0.00   65.26
18:10:33       1   23.40    0.00    8.51    0.00    0.00    2.13    0.00    0.00    0.00   65.96
18:10:33       2   13.04    0.00    9.78    0.00    0.00    0.00    0.00    0.00    0.00   77.17
18:10:33       3   22.11    0.00   10.53    0.00    0.00    0.00    0.00    0.00    0.00   67.37

18:10:33     CPU    %usr   %nice    %sys %iowait    %irq   %soft  %steal  %guest  %gnice   %idle
18:10:34     all   21.87    0.00    8.00    0.00    0.00    0.27    0.00    0.00    0.00   69.87
18:10:34       0   30.53    0.00    7.37    0.00    0.00    0.00    0.00    0.00    0.00   62.11
18:10:34       1   15.05    0.00    9.68    0.00    0.00    1.08    0.00    0.00    0.00   74.19
18:10:34       2   20.43    0.00    6.45    0.00    0.00    0.00    0.00    0.00    0.00   73.12
18:10:34       3   21.28    0.00    8.51    0.00    0.00    0.00    0.00    0.00    0.00   70.21

18:10:34     CPU    %usr   %nice    %sys %iowait    %irq   %soft  %steal  %guest  %gnice   %idle
18:10:35     all   23.64    0.00   10.39    0.00    0.00    0.52    0.00    0.00    0.00   65.45
18:10:35       0   22.92    0.00   12.50    0.00    0.00    0.00    0.00    0.00    0.00   64.58
18:10:35       1   21.65    0.00   11.34    0.00    0.00    2.06    0.00    0.00    0.00   64.95
18:10:35       2   20.83    0.00   10.42    0.00    0.00    0.00    0.00    0.00    0.00   68.75
18:10:35       3   29.17    0.00    7.29    0.00    0.00    0.00    0.00    0.00    0.00   63.54

18:10:35     CPU    %usr   %nice    %sys %iowait    %irq   %soft  %steal  %guest  %gnice   %idle
18:10:36     all   22.08    0.00    6.60    0.00    0.00    0.51    0.00    0.00    0.00   70.81
18:10:36       0   23.23    0.00    7.07    0.00    0.00    0.00    0.00    0.00    0.00   69.70
18:10:36       1   22.45    0.00    6.12    0.00    0.00    2.04    0.00    0.00    0.00   69.39
18:10:36       2   17.53    0.00    6.19    0.00    0.00    0.00    0.00    0.00    0.00   76.29
18:10:36       3   25.00    0.00    7.00    0.00    0.00    0.00    0.00    0.00    0.00   68.00

18:10:36     CPU    %usr   %nice    %sys %iowait    %irq   %soft  %steal  %guest  %gnice   %idle
18:10:37     all   23.86    0.00   10.41    0.00    0.00    1.02    0.00    0.00    0.00   64.72
18:10:37       0   31.96    0.00   13.40    0.00    0.00    0.00    0.00    0.00    0.00   54.64
18:10:37       1   19.80    0.00    8.91    0.00    0.00    3.96    0.00    0.00    0.00   67.33
18:10:37       2   21.65    0.00   10.31    0.00    0.00    0.00    0.00    0.00    0.00   68.04
18:10:37       3   22.22    0.00    9.09    0.00    0.00    0.00    0.00    0.00    0.00   68.69

18:10:37     CPU    %usr   %nice    %sys %iowait    %irq   %soft  %steal  %guest  %gnice   %idle
18:10:38     all   23.21    0.00    7.41    0.25    0.00    1.48    0.00    0.00    0.00   67.65
18:10:38       0   21.21    0.00    8.08    0.00    0.00    0.00    0.00    0.00    0.00   70.71
18:10:38       1   15.38    0.00    5.77    0.96    0.00    5.77    0.00    0.00    0.00   72.12
18:10:38       2   24.00    0.00    7.00    0.00    0.00    0.00    0.00    0.00    0.00   69.00
18:10:38       3   32.35    0.00    8.82    0.00    0.00    0.00    0.00    0.00    0.00   58.82

18:10:38     CPU    %usr   %nice    %sys %iowait    %irq   %soft  %steal  %guest  %gnice   %idle
18:10:39     all   20.64    0.00    8.85    0.00    0.00    0.54    0.00    0.00    0.00   69.97
18:10:39       0   28.12    0.00    7.29    0.00    0.00    0.00    0.00    0.00    0.00   64.58
18:10:39       1   16.48    0.00   10.99    0.00    0.00    1.10    0.00    0.00    0.00   71.43
18:10:39       2   23.40    0.00    7.45    0.00    0.00    1.06    0.00    0.00    0.00   68.09
18:10:39       3   14.13    0.00    9.78    0.00    0.00    0.00    0.00    0.00    0.00   76.09

18:10:39     CPU    %usr   %nice    %sys %iowait    %irq   %soft  %steal  %guest  %gnice   %idle
18:10:40     all   21.81    0.00    7.71    0.00    0.00    0.53    0.00    0.00    0.00   69.95
18:10:40       0   28.42    0.00    8.42    0.00    0.00    0.00    0.00    0.00    0.00   63.16
18:10:40       1   18.48    0.00    6.52    0.00    0.00    2.17    0.00    0.00    0.00   72.83
18:10:40       2   21.51    0.00    7.53    0.00    0.00    0.00    0.00    0.00    0.00   70.97
18:10:40       3   18.75    0.00    8.33    0.00    0.00    0.00    0.00    0.00    0.00   72.92

18:10:40     CPU    %usr   %nice    %sys %iowait    %irq   %soft  %steal  %guest  %gnice   %idle
18:10:41     all   25.13    0.00    9.84    0.00    0.00    0.78    0.00    0.00    0.00   64.25
18:10:41       0   34.69    0.00    8.16    0.00    0.00    0.00    0.00    0.00    0.00   57.14
18:10:41       1   25.00    0.00    9.38    0.00    0.00    2.08    0.00    0.00    0.00   63.54
18:10:41       2   20.21    0.00    9.57    0.00    0.00    0.00    0.00    0.00    0.00   70.21
18:10:41       3   20.41    0.00   12.24    0.00    0.00    1.02    0.00    0.00    0.00   66.33

18:10:41     CPU    %usr   %nice    %sys %iowait    %irq   %soft  %steal  %guest  %gnice   %idle
18:10:42     all   21.88    0.00    6.11    0.25    0.00    1.02    0.00    0.00    0.00   70.74
18:10:42       0   23.23    0.00    6.06    1.01    0.00    0.00    0.00    0.00    0.00   69.70
18:10:42       1   20.20    0.00    9.09    0.00    0.00    4.04    0.00    0.00    0.00   66.67
18:10:42       2   23.71    0.00    4.12    0.00    0.00    0.00    0.00    0.00    0.00   72.16
18:10:42       3   20.41    0.00    5.10    0.00    0.00    0.00    0.00    0.00    0.00   74.49

18:10:42     CPU    %usr   %nice    %sys %iowait    %irq   %soft  %steal  %guest  %gnice   %idle
18:10:43     all   25.57    0.00   11.65    0.00    0.00    0.76    0.00    0.00    0.00   62.03
18:10:43       0   25.51    0.00   13.27    0.00    0.00    0.00    0.00    0.00    0.00   61.22
18:10:43       1   26.00    0.00   11.00    0.00    0.00    3.00    0.00    0.00    0.00   60.00
18:10:43       2   22.68    0.00   12.37    0.00    0.00    0.00    0.00    0.00    0.00   64.95
18:10:43       3   28.00    0.00   10.00    0.00    0.00    0.00    0.00    0.00    0.00   62.00

18:10:43     CPU    %usr   %nice    %sys %iowait    %irq   %soft  %steal  %guest  %gnice   %idle
18:10:44     all   26.07    0.00    7.02    0.00    0.00    1.25    0.00    0.00    0.00   65.66
18:10:44       0   28.00    0.00    7.00    0.00    0.00    0.00    0.00    0.00    0.00   65.00
18:10:44       1   30.10    0.00    9.71    0.00    0.00    4.85    0.00    0.00    0.00   55.34
18:10:44       2   24.49    0.00    5.10    0.00    0.00    0.00    0.00    0.00    0.00   70.41
18:10:44       3   21.43    0.00    6.12    0.00    0.00    0.00    0.00    0.00    0.00   72.45

18:10:44     CPU    %usr   %nice    %sys %iowait    %irq   %soft  %steal  %guest  %gnice   %idle
18:10:45     all   22.40    0.00   10.40    0.00    0.00    0.53    0.00    0.00    0.00   66.67
18:10:45       0   24.47    0.00    8.51    0.00    0.00    0.00    0.00    0.00    0.00   67.02
18:10:45       1   22.83    0.00    9.78    0.00    0.00    2.17    0.00    0.00    0.00   65.22
18:10:45       2   23.40    0.00    9.57    0.00    0.00    0.00    0.00    0.00    0.00   67.02
18:10:45       3   18.95    0.00   13.68    0.00    0.00    0.00    0.00    0.00    0.00   67.37

18:10:45     CPU    %usr   %nice    %sys %iowait    %irq   %soft  %steal  %guest  %gnice   %idle
18:10:46     all   23.28    0.00    7.94    0.26    0.00    0.26    0.00    0.00    0.00   68.25
18:10:46       0   25.26    0.00    7.37    0.00    0.00    0.00    0.00    0.00    0.00   67.37
18:10:46       1   19.57    0.00    9.78    0.00    0.00    1.09    0.00    0.00    0.00   69.57
18:10:46       2   17.89    0.00    8.42    1.05    0.00    0.00    0.00    0.00    0.00   72.63
18:10:46       3   30.21    0.00    6.25    0.00    0.00    0.00    0.00    0.00    0.00   63.54

18:10:46     CPU    %usr   %nice    %sys %iowait    %irq   %soft  %steal  %guest  %gnice   %idle
18:10:47     all   25.19    0.00   10.54    0.00    0.00    0.77    0.00    0.00    0.00   63.50
18:10:47       0   30.30    0.00    9.09    0.00    0.00    0.00    0.00    0.00    0.00   60.61
18:10:47       1   27.84    0.00   10.31    0.00    0.00    2.06    0.00    0.00    0.00   59.79
18:10:47       2   20.00    0.00   12.63    0.00    0.00    0.00    0.00    0.00    0.00   67.37
18:10:47       3   22.45    0.00   10.20    0.00    0.00    1.02    0.00    0.00    0.00   66.33

18:10:47     CPU    %usr   %nice    %sys %iowait    %irq   %soft  %steal  %guest  %gnice   %idle
18:10:48     all   22.51    0.00    6.14    0.00    0.00    0.77    0.00    0.00    0.00   70.59
18:10:48       0   24.24    0.00    8.08    0.00    0.00    0.00    0.00    0.00    0.00   67.68
18:10:48       1   24.49    0.00    5.10    0.00    0.00    3.06    0.00    0.00    0.00   67.35
18:10:48       2   18.95    0.00    5.26    0.00    0.00    0.00    0.00    0.00    0.00   75.79
18:10:48       3   22.22    0.00    6.06    0.00    0.00    0.00    0.00    0.00    0.00   71.72

18:10:48     CPU    %usr   %nice    %sys %iowait    %irq   %soft  %steal  %guest  %gnice   %idle
18:10:49     all   26.85    0.00   10.59    0.00    0.00    0.99    0.00    0.00    0.00   61.58
18:10:49       0   24.00    0.00   13.00    0.00    0.00    0.00    0.00    0.00    0.00   63.00
18:10:49       1   30.10    0.00    7.77    0.00    0.00    2.91    0.00    0.00    0.00   59.22
18:10:49       2   22.77    0.00   13.86    0.00    0.00    0.99    0.00    0.00    0.00   62.38
18:10:49       3   30.39    0.00    7.84    0.00    0.00    0.00    0.00    0.00    0.00   61.76

18:10:49     CPU    %usr   %nice    %sys %iowait    %irq   %soft  %steal  %guest  %gnice   %idle
18:10:50     all   23.65    0.00    6.90    0.25    0.00    1.48    0.00    0.00    0.00   67.73
18:10:50       0   19.80    0.00    7.92    0.00    0.00    0.00    0.00    0.00    0.00   72.28
18:10:50       1   26.92    0.00    4.81    0.00    0.00    5.77    0.00    0.00    0.00   62.50
18:10:50       2   18.18    0.00    8.08    0.00    0.00    0.00    0.00    0.00    0.00   73.74
18:10:50       3   29.41    0.00    6.86    0.98    0.00    0.00    0.00    0.00    0.00   62.75

18:10:50     CPU    %usr   %nice    %sys %iowait    %irq   %soft  %steal  %guest  %gnice   %idle
18:10:51     all   21.75    0.00    9.55    0.00    0.00    0.00    0.00    0.00    0.00   68.70
18:10:51       0   18.75    0.00   12.50    0.00    0.00    0.00    0.00    0.00    0.00   68.75
18:10:51       1   31.18    0.00    7.53    0.00    0.00    0.00    0.00    0.00    0.00   61.29
18:10:51       2   16.13    0.00    8.60    0.00    0.00    0.00    0.00    0.00    0.00   75.27
18:10:51       3   21.05    0.00    9.47    0.00    0.00    0.00    0.00    0.00    0.00   69.47

18:10:51     CPU    %usr   %nice    %sys %iowait    %irq   %soft  %steal  %guest  %gnice   %idle
18:10:52     all   21.96    0.00    7.67    0.00    0.00    0.53    0.00    0.00    0.00   69.84
18:10:52       0   20.83    0.00   10.42    0.00    0.00    0.00    0.00    0.00    0.00   68.75
18:10:52       1   24.73    0.00    5.38    0.00    0.00    2.15    0.00    0.00    0.00   67.74
18:10:52       2   21.28    0.00    7.45    0.00    0.00    0.00    0.00    0.00    0.00   71.28
18:10:52       3   21.05    0.00    7.37    0.00    0.00    0.00    0.00    0.00    0.00   71.58

18:10:52     CPU    %usr   %nice    %sys %iowait    %irq   %soft  %steal  %guest  %gnice   %idle
18:10:53     all   24.94    0.00    8.48    0.00    0.00    1.03    0.00    0.00    0.00   65.55
18:10:53       0   25.77    0.00    8.25    0.00    0.00    0.00    0.00    0.00    0.00   65.98
18:10:53       1   21.43    0.00   10.20    0.00    0.00    3.06    0.00    0.00    0.00   65.31
18:10:53       2   23.71    0.00   10.31    0.00    0.00    1.03    0.00    0.00    0.00   64.95
18:10:53       3   28.87    0.00    5.15    0.00    0.00    0.00    0.00    0.00    0.00   65.98

18:10:53     CPU    %usr   %nice    %sys %iowait    %irq   %soft  %steal  %guest  %gnice   %idle
18:10:54     all   26.55    0.00    8.51    0.00    0.00    0.52    0.00    0.00    0.00   64.43
18:10:54       0   36.73    0.00    7.14    0.00    0.00    0.00    0.00    0.00    0.00   56.12
18:10:54       1   20.83    0.00    9.38    0.00    0.00    2.08    0.00    0.00    0.00   67.71
18:10:54       2   23.71    0.00    9.28    0.00    0.00    0.00    0.00    0.00    0.00   67.01
18:10:54       3   24.74    0.00    8.25    0.00    0.00    0.00    0.00    0.00    0.00   67.01

18:10:54     CPU    %usr   %nice    %sys %iowait    %irq   %soft  %steal  %guest  %gnice   %idle
18:10:55     all   26.12    0.00   10.95    0.00    0.00    1.00    0.00    0.00    0.00   61.94
18:10:55       0   35.00    0.00   12.00    0.00    0.00    0.00    0.00    0.00    0.00   53.00
18:10:55       1   23.76    0.00    9.90    0.00    0.00    3.96    0.00    0.00    0.00   62.38
18:10:55       2   22.00    0.00   10.00    0.00    0.00    0.00    0.00    0.00    0.00   68.00
18:10:55       3   23.76    0.00   11.88    0.00    0.00    0.00    0.00    0.00    0.00   64.36

18:10:55     CPU    %usr   %nice    %sys %iowait    %irq   %soft  %steal  %guest  %gnice   %idle
18:10:56     all   33.17    0.00    9.16    0.00    0.00    1.73    0.00    0.00    0.00   55.94
18:10:56       0   35.29    0.00   11.76    0.00    0.00    0.00    0.00    0.00    0.00   52.94
18:10:56       1   41.75    0.00    6.80    0.00    0.00    6.80    0.00    0.00    0.00   44.66
18:10:56       2   27.00    0.00    7.00    0.00    0.00    0.00    0.00    0.00    0.00   66.00
18:10:56       3   28.28    0.00   11.11    0.00    0.00    0.00    0.00    0.00    0.00   60.61

18:10:56     CPU    %usr   %nice    %sys %iowait    %irq   %soft  %steal  %guest  %gnice   %idle
18:10:57     all   25.94    0.00   11.50    0.00    0.00    1.07    0.00    0.00    0.00   61.50
18:10:57       0   30.85    0.00   13.83    0.00    0.00    0.00    0.00    0.00    0.00   55.32
18:10:57       1   29.03    0.00   10.75    0.00    0.00    3.23    0.00    0.00    0.00   56.99
18:10:57       2   19.57    0.00   13.04    0.00    0.00    0.00    0.00    0.00    0.00   67.39
18:10:57       3   24.21    0.00    8.42    0.00    0.00    1.05    0.00    0.00    0.00   66.32

18:10:57     CPU    %usr   %nice    %sys %iowait    %irq   %soft  %steal  %guest  %gnice   %idle
18:10:58     all   23.80    0.00    8.02    0.00    0.00    0.27    0.00    0.00    0.00   67.91
18:10:58       0   27.66    0.00    7.45    0.00    0.00    0.00    0.00    0.00    0.00   64.89
18:10:58       1   18.28    0.00    8.60    0.00    0.00    1.08    0.00    0.00    0.00   72.04
18:10:58       2   20.43    0.00    8.60    0.00    0.00    0.00    0.00    0.00    0.00   70.97
18:10:58       3   28.72    0.00    7.45    0.00    0.00    0.00    0.00    0.00    0.00   63.83

18:10:58     CPU    %usr   %nice    %sys %iowait    %irq   %soft  %steal  %guest  %gnice   %idle
18:10:59     all   24.47    0.00   11.84    0.00    0.00    0.53    0.00    0.00    0.00   63.16
18:10:59       0   24.49    0.00   12.24    0.00    0.00    0.00    0.00    0.00    0.00   63.27
18:10:59       1   25.26    0.00   13.68    0.00    0.00    2.11    0.00    0.00    0.00   58.95
18:10:59       2   19.57    0.00   10.87    0.00    0.00    0.00    0.00    0.00    0.00   69.57
18:10:59       3   28.42    0.00   10.53    0.00    0.00    0.00    0.00    0.00    0.00   61.05

18:10:59     CPU    %usr   %nice    %sys %iowait    %irq   %soft  %steal  %guest  %gnice   %idle
18:11:00     all   20.57    0.00    6.43    0.26    0.00    0.51    0.00    0.00    0.00   72.24
18:11:00       0   20.00    0.00    5.26    0.00    0.00    0.00    0.00    0.00    0.00   74.74
18:11:00       1   27.27    0.00    7.07    1.01    0.00    2.02    0.00    0.00    0.00   62.63
18:11:00       2   15.46    0.00    8.25    0.00    0.00    0.00    0.00    0.00    0.00   76.29
18:11:00       3   19.39    0.00    5.10    0.00    0.00    0.00    0.00    0.00    0.00   75.51

18:11:00     CPU    %usr   %nice    %sys %iowait    %irq   %soft  %steal  %guest  %gnice   %idle
18:11:01     all   25.76    0.00   10.35    0.00    0.00    1.01    0.00    0.00    0.00   62.88
18:11:01       0   25.49    0.00   11.76    0.00    0.00    0.00    0.00    0.00    0.00   62.75
18:11:01       1   29.29    0.00    8.08    0.00    0.00    3.03    0.00    0.00    0.00   59.60
18:11:01       2   23.47    0.00   11.22    0.00    0.00    1.02    0.00    0.00    0.00   64.29
18:11:01       3   24.74    0.00   10.31    0.00    0.00    0.00    0.00    0.00    0.00   64.95

18:11:01     CPU    %usr   %nice    %sys %iowait    %irq   %soft  %steal  %guest  %gnice   %idle
18:11:02     all   24.33    0.00    6.57    0.00    0.00    1.46    0.00    0.00    0.00   67.64
18:11:02       0   27.45    0.00    8.82    0.00    0.00    0.00    0.00    0.00    0.00   63.73
18:11:02       1   21.70    0.00    5.66    0.00    0.00    5.66    0.00    0.00    0.00   66.98
18:11:02       2   27.00    0.00    5.00    0.00    0.00    0.00    0.00    0.00    0.00   68.00
18:11:02       3   21.36    0.00    6.80    0.00    0.00    0.00    0.00    0.00    0.00   71.84

18:11:02     CPU    %usr   %nice    %sys %iowait    %irq   %soft  %steal  %guest  %gnice   %idle
18:11:03     all   23.39    0.00   10.28    0.00    0.00    1.29    0.00    0.00    0.00   65.04
18:11:03       0   27.55    0.00   12.24    0.00    0.00    0.00    0.00    0.00    0.00   60.20
18:11:03       1   27.00    0.00    9.00    0.00    0.00    5.00    0.00    0.00    0.00   59.00
18:11:03       2   16.84    0.00    9.47    0.00    0.00    0.00    0.00    0.00    0.00   73.68
18:11:03       3   21.88    0.00   10.42    0.00    0.00    0.00    0.00    0.00    0.00   67.71

18:11:03     CPU    %usr   %nice    %sys %iowait    %irq   %soft  %steal  %guest  %gnice   %idle
18:11:04     all   22.10    0.00    8.09    0.00    0.00    0.27    0.00    0.00    0.00   69.54
18:11:04       0   29.79    0.00    7.45    0.00    0.00    0.00    0.00    0.00    0.00   62.77
18:11:04       1   21.74    0.00    7.61    0.00    0.00    1.09    0.00    0.00    0.00   69.57
18:11:04       2   22.58    0.00    5.38    0.00    0.00    0.00    0.00    0.00    0.00   72.04
18:11:04       3   14.13    0.00   11.96    0.00    0.00    0.00    0.00    0.00    0.00   73.91

18:11:04     CPU    %usr   %nice    %sys %iowait    %irq   %soft  %steal  %guest  %gnice   %idle
18:11:05     all   24.41    0.00   10.50    0.26    0.00    0.26    0.00    0.00    0.00   64.57
18:11:05       0   28.87    0.00   12.37    1.03    0.00    0.00    0.00    0.00    0.00   57.73
18:11:05       1   19.15    0.00    7.45    0.00    0.00    1.06    0.00    0.00    0.00   72.34
18:11:05       2   28.72    0.00   12.77    0.00    0.00    0.00    0.00    0.00    0.00   58.51
18:11:05       3   20.83    0.00    9.38    0.00    0.00    0.00    0.00    0.00    0.00   69.79

18:11:05     CPU    %usr   %nice    %sys %iowait    %irq   %soft  %steal  %guest  %gnice   %idle
18:11:06     all   24.42    0.00    6.75    0.00    0.00    1.04    0.00    0.00    0.00   67.79
18:11:06       0   21.88    0.00    9.38    0.00    0.00    0.00    0.00    0.00    0.00   68.75
18:11:06       1   27.84    0.00    5.15    0.00    0.00    3.09    0.00    0.00    0.00   63.92
18:11:06       2   25.26    0.00    6.32    0.00    0.00    1.05    0.00    0.00    0.00   67.37
18:11:06       3   22.68    0.00    6.19    0.00    0.00    0.00    0.00    0.00    0.00   71.13

18:11:06     CPU    %usr   %nice    %sys %iowait    %irq   %soft  %steal  %guest  %gnice   %idle
18:11:07     all   26.58    0.00   11.65    0.00    0.00    0.76    0.00    0.00    0.00   61.01
18:11:07       0   33.33    0.00   11.11    0.00    0.00    0.00    0.00    0.00    0.00   55.56
18:11:07       1   24.00    0.00    9.00    0.00    0.00    3.00    0.00    0.00    0.00   64.00
18:11:07       2   27.55    0.00   14.29    0.00    0.00    0.00    0.00    0.00    0.00   58.16
18:11:07       3   21.43    0.00   12.24    0.00    0.00    0.00    0.00    0.00    0.00   66.33

18:11:07     CPU    %usr   %nice    %sys %iowait    %irq   %soft  %steal  %guest  %gnice   %idle
18:11:08     all   28.08    0.00    7.14    0.00    0.00    0.99    0.00    0.00    0.00   63.79
18:11:08       0   31.37    0.00    7.84    0.00    0.00    0.00    0.00    0.00    0.00   60.78
18:11:08       1   26.73    0.00    9.90    0.00    0.00    2.97    0.00    0.00    0.00   60.40
18:11:08       2   22.55    0.00    5.88    0.00    0.00    0.00    0.00    0.00    0.00   71.57
18:11:08       3   31.68    0.00    4.95    0.00    0.00    0.99    0.00    0.00    0.00   62.38

18:11:08     CPU    %usr   %nice    %sys %iowait    %irq   %soft  %steal  %guest  %gnice   %idle
18:11:09     all   25.25    0.00   10.15    0.25    0.00    1.24    0.00    0.00    0.00   63.12
18:11:09       0   28.00    0.00    9.00    0.00    0.00    0.00    0.00    0.00    0.00   63.00
18:11:09       1   20.39    0.00   11.65    0.00    0.00    4.85    0.00    0.00    0.00   63.11
18:11:09       2   28.28    0.00    8.08    0.00    0.00    0.00    0.00    0.00    0.00   63.64
18:11:09       3   24.51    0.00   11.76    0.98    0.00    0.00    0.00    0.00    0.00   62.75

18:11:09     CPU    %usr   %nice    %sys %iowait    %irq   %soft  %steal  %guest  %gnice   %idle
18:11:10     all   21.69    0.00    9.26    0.00    0.00    0.53    0.00    0.00    0.00   68.52
18:11:10       0   20.00    0.00   15.79    0.00    0.00    0.00    0.00    0.00    0.00   64.21
18:11:10       1   26.32    0.00    7.37    0.00    0.00    2.11    0.00    0.00    0.00   64.21
18:11:10       2   21.51    0.00    5.38    0.00    0.00    0.00    0.00    0.00    0.00   73.12
18:11:10       3   18.95    0.00    8.42    0.00    0.00    0.00    0.00    0.00    0.00   72.63

18:11:10     CPU    %usr   %nice    %sys %iowait    %irq   %soft  %steal  %guest  %gnice   %idle
18:11:11     all   22.67    0.00    9.33    0.00    0.00    0.27    0.00    0.00    0.00   67.73
18:11:11       0   25.26    0.00    9.47    0.00    0.00    0.00    0.00    0.00    0.00   65.26
18:11:11       1   21.98    0.00   10.99    0.00    0.00    1.10    0.00    0.00    0.00   65.93
18:11:11       2   22.11    0.00    8.42    0.00    0.00    0.00    0.00    0.00    0.00   69.47
18:11:11       3   21.28    0.00    8.51    0.00    0.00    0.00    0.00    0.00    0.00   70.21

18:11:11     CPU    %usr   %nice    %sys %iowait    %irq   %soft  %steal  %guest  %gnice   %idle
18:11:12     all   20.98    0.00    6.99    0.00    0.00    0.78    0.00    0.00    0.00   71.24
18:11:12       0   20.62    0.00    8.25    0.00    0.00    0.00    0.00    0.00    0.00   71.13
18:11:12       1   25.51    0.00    6.12    0.00    0.00    3.06    0.00    0.00    0.00   65.31
18:11:12       2   12.63    0.00    8.42    0.00    0.00    0.00    0.00    0.00    0.00   78.95
18:11:12       3   25.00    0.00    5.21    0.00    0.00    0.00    0.00    0.00    0.00   69.79

18:11:12     CPU    %usr   %nice    %sys %iowait    %irq   %soft  %steal  %guest  %gnice   %idle
18:11:13     all   24.68    0.00   10.28    0.00    0.00    0.77    0.00    0.00    0.00   64.27
18:11:13       0   30.61    0.00   10.20    0.00    0.00    0.00    0.00    0.00    0.00   59.18
18:11:13       1   23.96    0.00    8.33    0.00    0.00    2.08    0.00    0.00    0.00   65.62
18:11:13       2   19.59    0.00   11.34    0.00    0.00    1.03    0.00    0.00    0.00   68.04
18:11:13       3   24.49    0.00   11.22    0.00    0.00    0.00    0.00    0.00    0.00   64.29

18:11:13     CPU    %usr   %nice    %sys %iowait    %irq   %soft  %steal  %guest  %gnice   %idle
18:11:14     all   26.25    0.00    8.00    0.00    0.00    0.75    0.00    0.00    0.00   65.00
18:11:14       0   33.66    0.00    6.93    0.00    0.00    0.00    0.00    0.00    0.00   59.41
18:11:14       1   19.80    0.00    8.91    0.00    0.00    2.97    0.00    0.00    0.00   68.32
18:11:14       2   25.77    0.00    8.25    0.00    0.00    0.00    0.00    0.00    0.00   65.98
18:11:14       3   25.74    0.00    7.92    0.00    0.00    0.00    0.00    0.00    0.00   66.34

18:11:14     CPU    %usr   %nice    %sys %iowait    %irq   %soft  %steal  %guest  %gnice   %idle
18:11:15     all   25.12    0.00    9.85    0.00    0.00    1.23    0.00    0.00    0.00   63.79
18:11:15       0   26.26    0.00    9.09    0.00    0.00    0.00    0.00    0.00    0.00   64.65
18:11:15       1   23.08    0.00   12.50    0.00    0.00    4.81    0.00    0.00    0.00   59.62
18:11:15       2   26.00    0.00    6.00    0.00    0.00    0.00    0.00    0.00    0.00   68.00
18:11:15       3   25.24    0.00   11.65    0.00    0.00    0.00    0.00    0.00    0.00   63.11

18:11:15     CPU    %usr   %nice    %sys %iowait    %irq   %soft  %steal  %guest  %gnice   %idle
18:11:16     all   25.38    0.00    9.64    0.00    0.00    1.78    0.00    0.00    0.00   63.20
18:11:16       0   29.59    0.00    8.16    0.00    0.00    0.00    0.00    0.00    0.00   62.24
18:11:16       1   24.00    0.00    8.00    0.00    0.00    6.00    0.00    0.00    0.00   62.00
18:11:16       2   25.51    0.00   11.22    0.00    0.00    0.00    0.00    0.00    0.00   63.27
18:11:16       3   22.45    0.00   11.22    0.00    0.00    1.02    0.00    0.00    0.00   65.31

18:11:16     CPU    %usr   %nice    %sys %iowait    %irq   %soft  %steal  %guest  %gnice   %idle
18:11:17     all   21.75    0.00    9.55    0.00    0.00    0.00    0.00    0.00    0.00   68.70
18:11:17       0   28.42    0.00    7.37    0.00    0.00    0.00    0.00    0.00    0.00   64.21
18:11:17       1   19.57    0.00    9.78    0.00    0.00    0.00    0.00    0.00    0.00   70.65
18:11:17       2   17.89    0.00    9.47    0.00    0.00    0.00    0.00    0.00    0.00   72.63
18:11:17       3   21.05    0.00   11.58    0.00    0.00    0.00    0.00    0.00    0.00   67.37

Average:     CPU    %usr   %nice    %sys %iowait    %irq   %soft  %steal  %guest  %gnice   %idle
Average:     all   23.88    0.00    8.87    0.04    0.00    0.81    0.00    0.00    0.00   66.40
Average:       0   26.25    0.00    9.48    0.03    0.00    0.02    0.00    0.00    0.00   64.21
Average:       1   24.31    0.00    8.51    0.05    0.00    2.97    0.00    0.00    0.00   64.16
Average:       2   21.64    0.00    8.80    0.02    0.00    0.14    0.00    0.00    0.00   69.41
Average:       3   23.28    0.00    8.67    0.05    0.00    0.12    0.00    0.00    0.00   67.88
