Linux 7.0.0-31-generic (ubuntu-Latitude-3490) 	09/30/26 	_x86_64_	(4 CPU)

18:12:28     CPU    %usr   %nice    %sys %iowait    %irq   %soft  %steal  %guest  %gnice   %idle
18:12:29     all   42.15    0.00   15.71    0.00    0.00    1.05    0.00    0.00    0.00   41.10
18:12:29       0   40.43    0.00   12.77    0.00    0.00    0.00    0.00    0.00    0.00   46.81
18:12:29       1   42.27    0.00   19.59    0.00    0.00    3.09    0.00    0.00    0.00   35.05
18:12:29       2   36.84    0.00   16.84    0.00    0.00    1.05    0.00    0.00    0.00   45.26
18:12:29       3   48.96    0.00   13.54    0.00    0.00    0.00    0.00    0.00    0.00   37.50

18:12:29     CPU    %usr   %nice    %sys %iowait    %irq   %soft  %steal  %guest  %gnice   %idle
18:12:30     all   53.09    0.00   14.18    0.00    0.00    1.29    0.00    0.00    0.00   31.44
18:12:30       0   60.20    0.00   14.29    0.00    0.00    0.00    0.00    0.00    0.00   25.51
18:12:30       1   46.39    0.00   16.49    0.00    0.00    4.12    0.00    0.00    0.00   32.99
18:12:30       2   54.17    0.00   12.50    0.00    0.00    0.00    0.00    0.00    0.00   33.33
18:12:30       3   51.55    0.00   13.40    0.00    0.00    1.03    0.00    0.00    0.00   34.02

18:12:30     CPU    %usr   %nice    %sys %iowait    %irq   %soft  %steal  %guest  %gnice   %idle
18:12:31     all   54.11    0.00   15.21    0.00    0.00    2.00    0.00    0.00    0.00   28.68
18:12:31       0   56.00    0.00   18.00    0.00    0.00    1.00    0.00    0.00    0.00   25.00
18:12:31       1   51.00    0.00   14.00    0.00    0.00    5.00    0.00    0.00    0.00   30.00
18:12:31       2   56.00    0.00   15.00    0.00    0.00    0.00    0.00    0.00    0.00   29.00
18:12:31       3   53.47    0.00   13.86    0.00    0.00    1.98    0.00    0.00    0.00   30.69

18:12:31     CPU    %usr   %nice    %sys %iowait    %irq   %soft  %steal  %guest  %gnice   %idle
18:12:32     all   56.39    0.00   19.30    0.00    0.00    2.26    0.00    0.00    0.00   22.06
18:12:32       0   48.48    0.00   25.25    0.00    0.00    1.01    0.00    0.00    0.00   25.25
18:12:32       1   59.41    0.00   12.87    0.00    0.00    5.94    0.00    0.00    0.00   21.78
18:12:32       2   54.00    0.00   26.00    0.00    0.00    1.00    0.00    0.00    0.00   19.00
18:12:32       3   63.64    0.00   13.13    0.00    0.00    1.01    0.00    0.00    0.00   22.22

18:12:32     CPU    %usr   %nice    %sys %iowait    %irq   %soft  %steal  %guest  %gnice   %idle
18:12:33     all   51.14    0.00   12.66    0.00    0.00    2.28    0.00    0.00    0.00   33.92
18:12:33       0   55.67    0.00   15.46    0.00    0.00    0.00    0.00    0.00    0.00   28.87
18:12:33       1   46.60    0.00   11.65    0.00    0.00    8.74    0.00    0.00    0.00   33.01
18:12:33       2   51.55    0.00   12.37    0.00    0.00    0.00    0.00    0.00    0.00   36.08
18:12:33       3   51.02    0.00   11.22    0.00    0.00    0.00    0.00    0.00    0.00   37.76

18:12:33     CPU    %usr   %nice    %sys %iowait    %irq   %soft  %steal  %guest  %gnice   %idle
18:12:34     all   39.95    0.00    9.92    0.00    0.00    1.07    0.00    0.00    0.00   49.06
18:12:34       0   43.62    0.00    7.45    0.00    0.00    1.06    0.00    0.00    0.00   47.87
18:12:34       1   34.04    0.00   12.77    0.00    0.00    3.19    0.00    0.00    0.00   50.00
18:12:34       2   37.36    0.00    8.79    0.00    0.00    0.00    0.00    0.00    0.00   53.85
18:12:34       3   44.68    0.00   10.64    0.00    0.00    0.00    0.00    0.00    0.00   44.68

18:12:34     CPU    %usr   %nice    %sys %iowait    %irq   %soft  %steal  %guest  %gnice   %idle
18:12:35     all   42.02    0.00   15.96    0.00    0.00    0.80    0.00    0.00    0.00   41.22
18:12:35       0   41.49    0.00   18.09    0.00    0.00    0.00    0.00    0.00    0.00   40.43
18:12:35       1   39.13    0.00   18.48    0.00    0.00    1.09    0.00    0.00    0.00   41.30
18:12:35       2   44.68    0.00   14.89    0.00    0.00    1.06    0.00    0.00    0.00   39.36
18:12:35       3   42.71    0.00   12.50    0.00    0.00    1.04    0.00    0.00    0.00   43.75

18:12:35     CPU    %usr   %nice    %sys %iowait    %irq   %soft  %steal  %guest  %gnice   %idle
18:12:36     all   43.68    0.00   11.84    0.00    0.00    0.53    0.00    0.00    0.00   43.95
18:12:36       0   44.33    0.00   12.37    0.00    0.00    1.03    0.00    0.00    0.00   42.27
18:12:36       1   46.32    0.00   14.74    0.00    0.00    1.05    0.00    0.00    0.00   37.89
18:12:36       2   41.94    0.00   11.83    0.00    0.00    0.00    0.00    0.00    0.00   46.24
18:12:36       3   42.11    0.00    8.42    0.00    0.00    0.00    0.00    0.00    0.00   49.47

18:12:36     CPU    %usr   %nice    %sys %iowait    %irq   %soft  %steal  %guest  %gnice   %idle
18:12:37     all   41.67    0.00   11.98    0.00    0.00    1.30    0.00    0.00    0.00   45.05
18:12:37       0   43.16    0.00   15.79    0.00    0.00    0.00    0.00    0.00    0.00   41.05
18:12:37       1   43.30    0.00    9.28    0.00    0.00    3.09    0.00    0.00    0.00   44.33
18:12:37       2   43.30    0.00   12.37    0.00    0.00    1.03    0.00    0.00    0.00   43.30
18:12:37       3   36.84    0.00   10.53    0.00    0.00    1.05    0.00    0.00    0.00   51.58

18:12:37     CPU    %usr   %nice    %sys %iowait    %irq   %soft  %steal  %guest  %gnice   %idle
18:12:38     all   41.93    0.00   13.54    0.00    0.00    0.52    0.00    0.00    0.00   44.01
18:12:38       0   46.39    0.00   16.49    0.00    0.00    0.00    0.00    0.00    0.00   37.11
18:12:38       1   42.71    0.00   11.46    0.00    0.00    2.08    0.00    0.00    0.00   43.75
18:12:38       2   40.00    0.00   14.74    0.00    0.00    0.00    0.00    0.00    0.00   45.26
18:12:38       3   38.54    0.00   11.46    0.00    0.00    0.00    0.00    0.00    0.00   50.00

18:12:38     CPU    %usr   %nice    %sys %iowait    %irq   %soft  %steal  %guest  %gnice   %idle
18:12:39     all   39.59    0.00    9.51    0.00    0.00    1.03    0.00    0.00    0.00   49.87
18:12:39       0   39.80    0.00   11.22    0.00    0.00    1.02    0.00    0.00    0.00   47.96
18:12:39       1   37.50    0.00   10.42    0.00    0.00    3.12    0.00    0.00    0.00   48.96
18:12:39       2   40.82    0.00    8.16    0.00    0.00    0.00    0.00    0.00    0.00   51.02
18:12:39       3   40.21    0.00    8.25    0.00    0.00    0.00    0.00    0.00    0.00   51.55

18:12:39     CPU    %usr   %nice    %sys %iowait    %irq   %soft  %steal  %guest  %gnice   %idle
18:12:40     all   41.06    0.00   11.84    0.50    0.00    1.26    0.00    0.00    0.00   45.34
18:12:40       0   46.53    0.00    8.91    0.00    0.00    0.00    0.00    0.00    0.00   44.55
18:12:40       1   39.18    0.00   11.34    0.00    0.00    5.15    0.00    0.00    0.00   44.33
18:12:40       2   37.76    0.00   11.22    1.02    0.00    0.00    0.00    0.00    0.00   50.00
18:12:40       3   40.59    0.00   15.84    0.99    0.00    0.00    0.00    0.00    0.00   42.57

18:12:40     CPU    %usr   %nice    %sys %iowait    %irq   %soft  %steal  %guest  %gnice   %idle
18:12:41     all   42.93    0.00   13.38    0.00    0.00    1.77    0.00    0.00    0.00   41.92
18:12:41       0   46.94    0.00   12.24    0.00    0.00    0.00    0.00    0.00    0.00   40.82
18:12:41       1   41.00    0.00   11.00    0.00    0.00    6.00    0.00    0.00    0.00   42.00
18:12:41       2   42.42    0.00   12.12    0.00    0.00    1.01    0.00    0.00    0.00   44.44
18:12:41       3   41.41    0.00   18.18    0.00    0.00    0.00    0.00    0.00    0.00   40.40

18:12:41     CPU    %usr   %nice    %sys %iowait    %irq   %soft  %steal  %guest  %gnice   %idle
18:12:42     all   41.12    0.00    9.90    0.00    0.00    2.54    0.00    0.00    0.00   46.45
18:12:42       0   40.40    0.00   16.16    0.00    0.00    1.01    0.00    0.00    0.00   42.42
18:12:42       1   42.57    0.00    4.95    0.00    0.00    7.92    0.00    0.00    0.00   44.55
18:12:42       2   39.58    0.00    9.38    0.00    0.00    0.00    0.00    0.00    0.00   51.04
18:12:42       3   41.84    0.00    9.18    0.00    0.00    1.02    0.00    0.00    0.00   47.96

18:12:42     CPU    %usr   %nice    %sys %iowait    %irq   %soft  %steal  %guest  %gnice   %idle
18:12:43     all   39.26    0.00   13.00    0.00    0.00    0.80    0.00    0.00    0.00   46.95
18:12:43       0   38.95    0.00   12.63    0.00    0.00    0.00    0.00    0.00    0.00   48.42
18:12:43       1   41.49    0.00   14.89    0.00    0.00    3.19    0.00    0.00    0.00   40.43
18:12:43       2   41.49    0.00   12.77    0.00    0.00    0.00    0.00    0.00    0.00   45.74
18:12:43       3   35.11    0.00   11.70    0.00    0.00    0.00    0.00    0.00    0.00   53.19

18:12:43     CPU    %usr   %nice    %sys %iowait    %irq   %soft  %steal  %guest  %gnice   %idle
18:12:44     all   38.32    0.00   11.14    0.00    0.00    0.00    0.00    0.00    0.00   50.54
18:12:44       0   43.62    0.00   10.64    0.00    0.00    0.00    0.00    0.00    0.00   45.74
18:12:44       1   38.04    0.00   14.13    0.00    0.00    0.00    0.00    0.00    0.00   47.83
18:12:44       2   37.36    0.00    7.69    0.00    0.00    0.00    0.00    0.00    0.00   54.95
18:12:44       3   34.07    0.00   12.09    0.00    0.00    0.00    0.00    0.00    0.00   53.85

18:12:44     CPU    %usr   %nice    %sys %iowait    %irq   %soft  %steal  %guest  %gnice   %idle
18:12:45     all   41.33    0.00   10.93    0.00    0.00    0.80    0.00    0.00    0.00   46.93
18:12:45       0   39.36    0.00   13.83    0.00    0.00    0.00    0.00    0.00    0.00   46.81
18:12:45       1   43.75    0.00   10.42    0.00    0.00    3.12    0.00    0.00    0.00   42.71
18:12:45       2   38.04    0.00   10.87    0.00    0.00    0.00    0.00    0.00    0.00   51.09
18:12:45       3   44.09    0.00    8.60    0.00    0.00    0.00    0.00    0.00    0.00   47.31

18:12:45     CPU    %usr   %nice    %sys %iowait    %irq   %soft  %steal  %guest  %gnice   %idle
18:12:46     all   43.04    0.00   12.86    0.00    0.00    0.79    0.00    0.00    0.00   43.31
18:12:46       0   43.30    0.00   12.37    0.00    0.00    1.03    0.00    0.00    0.00   43.30
18:12:46       1   47.87    0.00   10.64    0.00    0.00    2.13    0.00    0.00    0.00   39.36
18:12:46       2   41.05    0.00   14.74    0.00    0.00    0.00    0.00    0.00    0.00   44.21
18:12:46       3   40.00    0.00   13.68    0.00    0.00    0.00    0.00    0.00    0.00   46.32

18:12:46     CPU    %usr   %nice    %sys %iowait    %irq   %soft  %steal  %guest  %gnice   %idle
18:12:47     all   38.54    0.00   10.68    0.00    0.00    1.04    0.00    0.00    0.00   49.74
18:12:47       0   36.84    0.00   11.58    0.00    0.00    0.00    0.00    0.00    0.00   51.58
18:12:47       1   35.42    0.00   12.50    0.00    0.00    3.12    0.00    0.00    0.00   48.96
18:12:47       2   42.71    0.00    7.29    0.00    0.00    0.00    0.00    0.00    0.00   50.00
18:12:47       3   39.18    0.00   11.34    0.00    0.00    1.03    0.00    0.00    0.00   48.45

18:12:47     CPU    %usr   %nice    %sys %iowait    %irq   %soft  %steal  %guest  %gnice   %idle
18:12:48     all   42.42    0.00   13.62    0.00    0.00    0.77    0.00    0.00    0.00   43.19
18:12:48       0   44.90    0.00   11.22    0.00    0.00    0.00    0.00    0.00    0.00   43.88
18:12:48       1   38.54    0.00   15.62    0.00    0.00    2.08    0.00    0.00    0.00   43.75
18:12:48       2   44.33    0.00   12.37    0.00    0.00    1.03    0.00    0.00    0.00   42.27
18:12:48       3   41.84    0.00   15.31    0.00    0.00    0.00    0.00    0.00    0.00   42.86

18:12:48     CPU    %usr   %nice    %sys %iowait    %irq   %soft  %steal  %guest  %gnice   %idle
18:12:49     all   40.05    0.00    9.57    0.00    0.00    1.51    0.00    0.00    0.00   48.87
18:12:49       0   39.00    0.00   10.00    0.00    0.00    1.00    0.00    0.00    0.00   50.00
18:12:49       1   37.62    0.00   10.89    0.00    0.00    4.95    0.00    0.00    0.00   46.53
18:12:49       2   39.18    0.00    8.25    0.00    0.00    0.00    0.00    0.00    0.00   52.58
18:12:49       3   44.44    0.00    9.09    0.00    0.00    0.00    0.00    0.00    0.00   46.46

18:12:49     CPU    %usr   %nice    %sys %iowait    %irq   %soft  %steal  %guest  %gnice   %idle
18:12:50     all   43.15    0.00   11.17    0.00    0.00    1.27    0.00    0.00    0.00   44.42
18:12:50       0   45.00    0.00   14.00    0.00    0.00    0.00    0.00    0.00    0.00   41.00
18:12:50       1   39.80    0.00    8.16    0.00    0.00    5.10    0.00    0.00    0.00   46.94
18:12:50       2   39.80    0.00   14.29    0.00    0.00    0.00    0.00    0.00    0.00   45.92
18:12:50       3   47.96    0.00    8.16    0.00    0.00    0.00    0.00    0.00    0.00   43.88

18:12:50     CPU    %usr   %nice    %sys %iowait    %irq   %soft  %steal  %guest  %gnice   %idle
18:12:51     all   42.86    0.00   13.78    0.00    0.00    1.50    0.00    0.00    0.00   41.85
18:12:51       0   45.45    0.00   14.14    0.00    0.00    0.00    0.00    0.00    0.00   40.40
18:12:51       1   42.16    0.00   12.75    0.00    0.00    5.88    0.00    0.00    0.00   39.22
18:12:51       2   37.76    0.00   17.35    0.00    0.00    0.00    0.00    0.00    0.00   44.90
18:12:51       3   46.00    0.00   11.00    0.00    0.00    0.00    0.00    0.00    0.00   43.00

18:12:51     CPU    %usr   %nice    %sys %iowait    %irq   %soft  %steal  %guest  %gnice   %idle
18:12:52     all   40.75    0.00    9.38    0.00    0.00    1.07    0.00    0.00    0.00   48.79
18:12:52       0   40.43    0.00   12.77    0.00    0.00    0.00    0.00    0.00    0.00   46.81
18:12:52       1   39.13    0.00    7.61    0.00    0.00    3.26    0.00    0.00    0.00   50.00
18:12:52       2   39.78    0.00    9.68    0.00    0.00    0.00    0.00    0.00    0.00   50.54
18:12:52       3   43.62    0.00    7.45    0.00    0.00    1.06    0.00    0.00    0.00   47.87

18:12:52     CPU    %usr   %nice    %sys %iowait    %irq   %soft  %steal  %guest  %gnice   %idle
18:12:53     all   38.92    0.00   13.24    0.27    0.00    0.54    0.00    0.00    0.00   47.03
18:12:53       0   35.48    0.00   16.13    0.00    0.00    1.08    0.00    0.00    0.00   47.31
18:12:53       1   40.22    0.00   10.87    1.09    0.00    1.09    0.00    0.00    0.00   46.74
18:12:53       2   39.13    0.00   13.04    0.00    0.00    0.00    0.00    0.00    0.00   47.83
18:12:53       3   40.86    0.00   12.90    0.00    0.00    0.00    0.00    0.00    0.00   46.24

18:12:53     CPU    %usr   %nice    %sys %iowait    %irq   %soft  %steal  %guest  %gnice   %idle
18:12:54     all   38.17    0.00   10.48    0.00    0.00    0.81    0.00    0.00    0.00   50.54
18:12:54       0   37.23    0.00   12.77    0.00    0.00    0.00    0.00    0.00    0.00   50.00
18:12:54       1   38.46    0.00   10.99    0.00    0.00    1.10    0.00    0.00    0.00   49.45
18:12:54       2   38.71    0.00    9.68    0.00    0.00    1.08    0.00    0.00    0.00   50.54
18:12:54       3   38.30    0.00    8.51    0.00    0.00    1.06    0.00    0.00    0.00   52.13

18:12:54     CPU    %usr   %nice    %sys %iowait    %irq   %soft  %steal  %guest  %gnice   %idle
18:12:55     all   37.67    0.00    9.02    0.00    0.00    0.80    0.00    0.00    0.00   52.52
18:12:55       0   35.79    0.00    9.47    0.00    0.00    1.05    0.00    0.00    0.00   53.68
18:12:55       1   39.36    0.00    8.51    0.00    0.00    2.13    0.00    0.00    0.00   50.00
18:12:55       2   39.78    0.00    7.53    0.00    0.00    0.00    0.00    0.00    0.00   52.69
18:12:55       3   35.79    0.00   10.53    0.00    0.00    0.00    0.00    0.00    0.00   53.68

18:12:55     CPU    %usr   %nice    %sys %iowait    %irq   %soft  %steal  %guest  %gnice   %idle
18:12:56     all   41.58    0.00   15.00    0.26    0.00    0.79    0.00    0.00    0.00   42.37
18:12:56       0   44.90    0.00   15.31    0.00    0.00    0.00    0.00    0.00    0.00   39.80
18:12:56       1   36.56    0.00   15.05    0.00    0.00    3.23    0.00    0.00    0.00   45.16
18:12:56       2   41.94    0.00   15.05    0.00    0.00    0.00    0.00    0.00    0.00   43.01
18:12:56       3   42.71    0.00   14.58    1.04    0.00    0.00    0.00    0.00    0.00   41.67

18:12:56     CPU    %usr   %nice    %sys %iowait    %irq   %soft  %steal  %guest  %gnice   %idle
18:12:57     all   38.86    0.00    9.59    0.00    0.00    0.78    0.00    0.00    0.00   50.78
18:12:57       0   38.14    0.00   12.37    0.00    0.00    0.00    0.00    0.00    0.00   49.48
18:12:57       1   32.99    0.00    8.25    0.00    0.00    3.09    0.00    0.00    0.00   55.67
18:12:57       2   40.00    0.00   10.53    0.00    0.00    0.00    0.00    0.00    0.00   49.47
18:12:57       3   44.33    0.00    7.22    0.00    0.00    0.00    0.00    0.00    0.00   48.45

18:12:57     CPU    %usr   %nice    %sys %iowait    %irq   %soft  %steal  %guest  %gnice   %idle
18:12:58     all   39.74    0.00   11.28    0.00    0.00    1.28    0.00    0.00    0.00   47.69
18:12:58       0   39.18    0.00   13.40    0.00    0.00    1.03    0.00    0.00    0.00   46.39
18:12:58       1   37.76    0.00   10.20    0.00    0.00    3.06    0.00    0.00    0.00   48.98
18:12:58       2   44.33    0.00    8.25    0.00    0.00    0.00    0.00    0.00    0.00   47.42
18:12:58       3   37.76    0.00   13.27    0.00    0.00    1.02    0.00    0.00    0.00   47.96

18:12:58     CPU    %usr   %nice    %sys %iowait    %irq   %soft  %steal  %guest  %gnice   %idle
18:12:59     all   43.14    0.00   14.46    0.25    0.00    1.75    0.00    0.00    0.00   40.40
18:12:59       0   45.45    0.00   13.13    1.01    0.00    0.00    0.00    0.00    0.00   40.40
18:12:59       1   41.18    0.00   11.76    0.00    0.00    5.88    0.00    0.00    0.00   41.18
18:12:59       2   43.43    0.00   13.13    0.00    0.00    1.01    0.00    0.00    0.00   42.42
18:12:59       3   42.57    0.00   19.80    0.00    0.00    0.00    0.00    0.00    0.00   37.62

18:12:59     CPU    %usr   %nice    %sys %iowait    %irq   %soft  %steal  %guest  %gnice   %idle
18:13:00     all   40.15    0.00   10.35    0.00    0.00    1.52    0.00    0.00    0.00   47.98
18:13:00       0   44.00    0.00   10.00    0.00    0.00    0.00    0.00    0.00    0.00   46.00
18:13:00       1   33.66    0.00   10.89    0.00    0.00    5.94    0.00    0.00    0.00   49.50
18:13:00       2   39.80    0.00   13.27    0.00    0.00    0.00    0.00    0.00    0.00   46.94
18:13:00       3   43.30    0.00    7.22    0.00    0.00    0.00    0.00    0.00    0.00   49.48

18:13:00     CPU    %usr   %nice    %sys %iowait    %irq   %soft  %steal  %guest  %gnice   %idle
18:13:01     all   41.41    0.00   12.37    0.00    0.00    1.77    0.00    0.00    0.00   44.44
18:13:01       0   45.00    0.00   15.00    0.00    0.00    1.00    0.00    0.00    0.00   39.00
18:13:01       1   38.00    0.00   12.00    0.00    0.00    6.00    0.00    0.00    0.00   44.00
18:13:01       2   39.58    0.00   12.50    0.00    0.00    0.00    0.00    0.00    0.00   47.92
18:13:01       3   43.00    0.00   10.00    0.00    0.00    0.00    0.00    0.00    0.00   47.00

18:13:01     CPU    %usr   %nice    %sys %iowait    %irq   %soft  %steal  %guest  %gnice   %idle
18:13:02     all   38.11    0.00   12.16    0.00    0.00    1.08    0.00    0.00    0.00   48.65
18:13:02       0   35.48    0.00   15.05    0.00    0.00    0.00    0.00    0.00    0.00   49.46
18:13:02       1   38.04    0.00   10.87    0.00    0.00    3.26    0.00    0.00    0.00   47.83
18:13:02       2   37.63    0.00   11.83    0.00    0.00    0.00    0.00    0.00    0.00   50.54
18:13:02       3   41.30    0.00   10.87    0.00    0.00    1.09    0.00    0.00    0.00   46.74

18:13:02     CPU    %usr   %nice    %sys %iowait    %irq   %soft  %steal  %guest  %gnice   %idle
18:13:03     all   38.71    0.00    9.68    0.00    0.00    0.27    0.00    0.00    0.00   51.34
18:13:03       0   41.05    0.00    7.37    0.00    0.00    0.00    0.00    0.00    0.00   51.58
18:13:03       1   32.97    0.00   14.29    0.00    0.00    1.10    0.00    0.00    0.00   51.65
18:13:03       2   38.04    0.00   10.87    0.00    0.00    0.00    0.00    0.00    0.00   51.09
18:13:03       3   42.55    0.00    6.38    0.00    0.00    0.00    0.00    0.00    0.00   51.06

18:13:03     CPU    %usr   %nice    %sys %iowait    %irq   %soft  %steal  %guest  %gnice   %idle
18:13:04     all   39.57    0.00   13.10    0.00    0.00    0.27    0.00    0.00    0.00   47.06
18:13:04       0   40.86    0.00   12.90    0.00    0.00    0.00    0.00    0.00    0.00   46.24
18:13:04       1   39.78    0.00   11.83    0.00    0.00    1.08    0.00    0.00    0.00   47.31
18:13:04       2   43.16    0.00   12.63    0.00    0.00    0.00    0.00    0.00    0.00   44.21
18:13:04       3   34.41    0.00   15.05    0.00    0.00    0.00    0.00    0.00    0.00   50.54

18:13:04     CPU    %usr   %nice    %sys %iowait    %irq   %soft  %steal  %guest  %gnice   %idle
18:13:05     all   38.42    0.00   11.84    0.00    0.00    0.79    0.00    0.00    0.00   48.95
18:13:05       0   40.62    0.00   13.54    0.00    0.00    0.00    0.00    0.00    0.00   45.83
18:13:05       1   42.55    0.00    7.45    0.00    0.00    2.13    0.00    0.00    0.00   47.87
18:13:05       2   37.23    0.00   12.77    0.00    0.00    0.00    0.00    0.00    0.00   50.00
18:13:05       3   33.33    0.00   13.54    0.00    0.00    1.04    0.00    0.00    0.00   52.08

18:13:05     CPU    %usr   %nice    %sys %iowait    %irq   %soft  %steal  %guest  %gnice   %idle
18:13:06     all   40.57    0.00    9.82    0.00    0.00    1.29    0.00    0.00    0.00   48.32
18:13:06       0   41.67    0.00   10.42    0.00    0.00    1.04    0.00    0.00    0.00   46.88
18:13:06       1   38.38    0.00   10.10    0.00    0.00    4.04    0.00    0.00    0.00   47.47
18:13:06       2   38.95    0.00    9.47    0.00    0.00    0.00    0.00    0.00    0.00   51.58
18:13:06       3   43.30    0.00    9.28    0.00    0.00    0.00    0.00    0.00    0.00   47.42

18:13:06     CPU    %usr   %nice    %sys %iowait    %irq   %soft  %steal  %guest  %gnice   %idle
18:13:07     all   44.94    0.00   14.29    0.00    0.00    0.52    0.00    0.00    0.00   40.26
18:13:07       0   46.94    0.00   15.31    0.00    0.00    0.00    0.00    0.00    0.00   37.76
18:13:07       1   47.42    0.00   13.40    0.00    0.00    2.06    0.00    0.00    0.00   37.11
18:13:07       2   41.05    0.00   14.74    0.00    0.00    0.00    0.00    0.00    0.00   44.21
18:13:07       3   44.21    0.00   13.68    0.00    0.00    0.00    0.00    0.00    0.00   42.11

18:13:07     CPU    %usr   %nice    %sys %iowait    %irq   %soft  %steal  %guest  %gnice   %idle
18:13:08     all   39.80    0.00   11.59    0.00    0.00    1.76    0.00    0.00    0.00   46.85
18:13:08       0   46.46    0.00   10.10    0.00    0.00    0.00    0.00    0.00    0.00   43.43
18:13:08       1   37.62    0.00   11.88    0.00    0.00    4.95    0.00    0.00    0.00   45.54
18:13:08       2   39.39    0.00   11.11    0.00    0.00    1.01    0.00    0.00    0.00   48.48
18:13:08       3   35.71    0.00   13.27    0.00    0.00    1.02    0.00    0.00    0.00   50.00

18:13:08     CPU    %usr   %nice    %sys %iowait    %irq   %soft  %steal  %guest  %gnice   %idle
18:13:09     all   39.35    0.00   10.78    0.00    0.00    1.25    0.00    0.00    0.00   48.62
18:13:09       0   37.62    0.00    9.90    0.00    0.00    0.00    0.00    0.00    0.00   52.48
18:13:09       1   39.39    0.00    9.09    0.00    0.00    5.05    0.00    0.00    0.00   46.46
18:13:09       2   37.76    0.00   10.20    0.00    0.00    0.00    0.00    0.00    0.00   52.04
18:13:09       3   42.57    0.00   13.86    0.00    0.00    0.00    0.00    0.00    0.00   43.56

18:13:09     CPU    %usr   %nice    %sys %iowait    %irq   %soft  %steal  %guest  %gnice   %idle
18:13:10     all   43.36    0.00   13.03    0.00    0.00    1.75    0.00    0.00    0.00   41.85
18:13:10       0   46.94    0.00   14.29    0.00    0.00    0.00    0.00    0.00    0.00   38.78
18:13:10       1   41.90    0.00   12.38    0.00    0.00    6.67    0.00    0.00    0.00   39.05
18:13:10       2   44.33    0.00   10.31    0.00    0.00    0.00    0.00    0.00    0.00   45.36
18:13:10       3   40.40    0.00   15.15    0.00    0.00    0.00    0.00    0.00    0.00   44.44

18:13:10     CPU    %usr   %nice    %sys %iowait    %irq   %soft  %steal  %guest  %gnice   %idle
18:13:11     all   38.68    0.00   10.94    0.00    0.00    2.29    0.00    0.00    0.00   48.09
18:13:11       0   42.71    0.00    8.33    0.00    0.00    0.00    0.00    0.00    0.00   48.96
18:13:11       1   35.35    0.00   14.14    0.00    0.00    8.08    0.00    0.00    0.00   42.42
18:13:11       2   35.35    0.00   13.13    0.00    0.00    1.01    0.00    0.00    0.00   50.51
18:13:11       3   41.41    0.00    8.08    0.00    0.00    0.00    0.00    0.00    0.00   50.51

18:13:11     CPU    %usr   %nice    %sys %iowait    %irq   %soft  %steal  %guest  %gnice   %idle
18:13:12     all   40.75    0.00   12.87    0.00    0.00    1.07    0.00    0.00    0.00   45.31
18:13:12       0   38.54    0.00   15.62    0.00    0.00    1.04    0.00    0.00    0.00   44.79
18:13:12       1   37.78    0.00   12.22    0.00    0.00    2.22    0.00    0.00    0.00   47.78
18:13:12       2   42.39    0.00   14.13    0.00    0.00    0.00    0.00    0.00    0.00   43.48
18:13:12       3   44.21    0.00    9.47    0.00    0.00    1.05    0.00    0.00    0.00   45.26

18:13:12     CPU    %usr   %nice    %sys %iowait    %irq   %soft  %steal  %guest  %gnice   %idle
18:13:13     all   38.07    0.00   11.53    0.00    0.00    0.00    0.00    0.00    0.00   50.40
18:13:13       0   39.78    0.00    9.68    0.00    0.00    0.00    0.00    0.00    0.00   50.54
18:13:13       1   38.71    0.00   13.98    0.00    0.00    0.00    0.00    0.00    0.00   47.31
18:13:13       2   37.63    0.00   10.75    0.00    0.00    0.00    0.00    0.00    0.00   51.61
18:13:13       3   36.17    0.00   11.70    0.00    0.00    0.00    0.00    0.00    0.00   52.13

18:13:13     CPU    %usr   %nice    %sys %iowait    %irq   %soft  %steal  %guest  %gnice   %idle
18:13:14     all   38.87    0.00   10.72    0.00    0.00    0.54    0.00    0.00    0.00   49.87
18:13:14       0   36.56    0.00    9.68    0.00    0.00    0.00    0.00    0.00    0.00   53.76
18:13:14       1   36.56    0.00   10.75    0.00    0.00    2.15    0.00    0.00    0.00   50.54
18:13:14       2   44.57    0.00   10.87    0.00    0.00    0.00    0.00    0.00    0.00   44.57
18:13:14       3   37.89    0.00   11.58    0.00    0.00    0.00    0.00    0.00    0.00   50.53

18:13:14     CPU    %usr   %nice    %sys %iowait    %irq   %soft  %steal  %guest  %gnice   %idle
18:13:15     all   40.42    0.00   13.65    0.00    0.00    0.79    0.00    0.00    0.00   45.14
18:13:15       0   38.54    0.00   15.62    0.00    0.00    1.04    0.00    0.00    0.00   44.79
18:13:15       1   45.83    0.00   11.46    0.00    0.00    2.08    0.00    0.00    0.00   40.62
18:13:15       2   38.71    0.00    9.68    0.00    0.00    0.00    0.00    0.00    0.00   51.61
18:13:15       3   38.54    0.00   17.71    0.00    0.00    0.00    0.00    0.00    0.00   43.75

18:13:15     CPU    %usr   %nice    %sys %iowait    %irq   %soft  %steal  %guest  %gnice   %idle
18:13:16     all   37.43    0.00    9.69    0.00    0.00    0.79    0.00    0.00    0.00   52.09
18:13:16       0   33.68    0.00   11.58    0.00    0.00    0.00    0.00    0.00    0.00   54.74
18:13:16       1   42.27    0.00    7.22    0.00    0.00    3.09    0.00    0.00    0.00   47.42
18:13:16       2   34.04    0.00    9.57    0.00    0.00    0.00    0.00    0.00    0.00   56.38
18:13:16       3   39.58    0.00   10.42    0.00    0.00    0.00    0.00    0.00    0.00   50.00

18:13:16     CPU    %usr   %nice    %sys %iowait    %irq   %soft  %steal  %guest  %gnice   %idle
18:13:17     all   42.15    0.00   12.57    0.00    0.00    0.79    0.00    0.00    0.00   44.50
18:13:17       0   42.11    0.00   12.63    0.00    0.00    0.00    0.00    0.00    0.00   45.26
18:13:17       1   45.26    0.00    9.47    0.00    0.00    2.11    0.00    0.00    0.00   43.16
18:13:17       2   41.05    0.00   15.79    0.00    0.00    0.00    0.00    0.00    0.00   43.16
18:13:17       3   40.21    0.00   12.37    0.00    0.00    1.03    0.00    0.00    0.00   46.39

18:13:17     CPU    %usr   %nice    %sys %iowait    %irq   %soft  %steal  %guest  %gnice   %idle
18:13:18     all   42.82    0.00   11.28    0.00    0.00    1.03    0.00    0.00    0.00   44.87
18:13:18       0   46.39    0.00   10.31    0.00    0.00    0.00    0.00    0.00    0.00   43.30
18:13:18       1   43.43    0.00   11.11    0.00    0.00    3.03    0.00    0.00    0.00   42.42
18:13:18       2   41.24    0.00   12.37    0.00    0.00    1.03    0.00    0.00    0.00   45.36
18:13:18       3   40.21    0.00   11.34    0.00    0.00    0.00    0.00    0.00    0.00   48.45

18:13:18     CPU    %usr   %nice    %sys %iowait    %irq   %soft  %steal  %guest  %gnice   %idle
18:13:19     all   42.46    0.00    9.55    0.00    0.00    1.51    0.00    0.00    0.00   46.48
18:13:19       0   40.40    0.00   12.12    0.00    0.00    1.01    0.00    0.00    0.00   46.46
18:13:19       1   43.00    0.00    8.00    0.00    0.00    5.00    0.00    0.00    0.00   44.00
18:13:19       2   44.44    0.00    8.08    0.00    0.00    0.00    0.00    0.00    0.00   47.47
18:13:19       3   42.00    0.00   10.00    0.00    0.00    0.00    0.00    0.00    0.00   48.00

18:13:19     CPU    %usr   %nice    %sys %iowait    %irq   %soft  %steal  %guest  %gnice   %idle
18:13:20     all   42.29    0.00   14.43    0.00    0.00    1.99    0.00    0.00    0.00   41.29
18:13:20       0   44.00    0.00   13.00    0.00    0.00    0.00    0.00    0.00    0.00   43.00
18:13:20       1   37.25    0.00   16.67    0.00    0.00    6.86    0.00    0.00    0.00   39.22
18:13:20       2   42.86    0.00   11.22    0.00    0.00    0.00    0.00    0.00    0.00   45.92
18:13:20       3   45.10    0.00   16.67    0.00    0.00    0.98    0.00    0.00    0.00   37.25

18:13:20     CPU    %usr   %nice    %sys %iowait    %irq   %soft  %steal  %guest  %gnice   %idle
18:13:21     all   37.89    0.00    9.54    0.00    0.00    1.55    0.00    0.00    0.00   51.03
18:13:21       0   39.39    0.00   10.10    0.00    0.00    0.00    0.00    0.00    0.00   50.51
18:13:21       1   33.33    0.00    9.09    0.00    0.00    6.06    0.00    0.00    0.00   51.52
18:13:21       2   38.14    0.00   10.31    0.00    0.00    0.00    0.00    0.00    0.00   51.55
18:13:21       3   40.86    0.00    8.60    0.00    0.00    0.00    0.00    0.00    0.00   50.54

18:13:21     CPU    %usr   %nice    %sys %iowait    %irq   %soft  %steal  %guest  %gnice   %idle
18:13:22     all   37.13    0.00    8.94    0.00    0.00    1.08    0.00    0.00    0.00   52.85
18:13:22       0   38.04    0.00    8.70    0.00    0.00    0.00    0.00    0.00    0.00   53.26
18:13:22       1   34.78    0.00    7.61    0.00    0.00    4.35    0.00    0.00    0.00   53.26
18:13:22       2   35.16    0.00    7.69    0.00    0.00    0.00    0.00    0.00    0.00   57.14
18:13:22       3   40.43    0.00   11.70    0.00    0.00    0.00    0.00    0.00    0.00   47.87

18:13:22     CPU    %usr   %nice    %sys %iowait    %irq   %soft  %steal  %guest  %gnice   %idle
18:13:23     all   38.98    0.00   14.52    0.00    0.00    0.54    0.00    0.00    0.00   45.97
18:13:23       0   39.78    0.00   12.90    0.00    0.00    1.08    0.00    0.00    0.00   46.24
18:13:23       1   44.09    0.00   11.83    0.00    0.00    1.08    0.00    0.00    0.00   43.01
18:13:23       2   36.56    0.00   18.28    0.00    0.00    0.00    0.00    0.00    0.00   45.16
18:13:23       3   35.48    0.00   15.05    0.00    0.00    0.00    0.00    0.00    0.00   49.46

18:13:23     CPU    %usr   %nice    %sys %iowait    %irq   %soft  %steal  %guest  %gnice   %idle
18:13:24     all   36.34    0.00   10.08    0.00    0.00    0.27    0.00    0.00    0.00   53.32
18:13:24       0   37.89    0.00    8.42    0.00    0.00    0.00    0.00    0.00    0.00   53.68
18:13:24       1   37.89    0.00   10.53    0.00    0.00    1.05    0.00    0.00    0.00   50.53
18:13:24       2   34.41    0.00   10.75    0.00    0.00    0.00    0.00    0.00    0.00   54.84
18:13:24       3   35.11    0.00   10.64    0.00    0.00    0.00    0.00    0.00    0.00   54.26

18:13:24     CPU    %usr   %nice    %sys %iowait    %irq   %soft  %steal  %guest  %gnice   %idle
18:13:25     all   39.47    0.00   12.63    0.00    0.00    0.53    0.00    0.00    0.00   47.37
18:13:25       0   43.75    0.00   12.50    0.00    0.00    0.00    0.00    0.00    0.00   43.75
18:13:25       1   37.63    0.00   12.90    0.00    0.00    1.08    0.00    0.00    0.00   48.39
18:13:25       2   41.05    0.00   10.53    0.00    0.00    0.00    0.00    0.00    0.00   48.42
18:13:25       3   35.42    0.00   14.58    0.00    0.00    1.04    0.00    0.00    0.00   48.96

18:13:25     CPU    %usr   %nice    %sys %iowait    %irq   %soft  %steal  %guest  %gnice   %idle
18:13:26     all   42.97    0.00   11.72    0.00    0.00    1.04    0.00    0.00    0.00   44.27
18:13:26       0   43.75    0.00   11.46    0.00    0.00    0.00    0.00    0.00    0.00   44.79
18:13:26       1   40.82    0.00   12.24    0.00    0.00    3.06    0.00    0.00    0.00   43.88
18:13:26       2   43.75    0.00   11.46    0.00    0.00    1.04    0.00    0.00    0.00   43.75
18:13:26       3   43.62    0.00   11.70    0.00    0.00    0.00    0.00    0.00    0.00   44.68

18:13:26     CPU    %usr   %nice    %sys %iowait    %irq   %soft  %steal  %guest  %gnice   %idle
18:13:27     all   41.60    0.00   10.08    0.00    0.00    1.03    0.00    0.00    0.00   47.29
18:13:27       0   44.33    0.00    8.25    0.00    0.00    1.03    0.00    0.00    0.00   46.39
18:13:27       1   40.62    0.00    8.33    0.00    0.00    3.12    0.00    0.00    0.00   47.92
18:13:27       2   45.36    0.00   11.34    0.00    0.00    0.00    0.00    0.00    0.00   43.30
18:13:27       3   36.08    0.00   12.37    0.00    0.00    0.00    0.00    0.00    0.00   51.55

18:13:27     CPU    %usr   %nice    %sys %iowait    %irq   %soft  %steal  %guest  %gnice   %idle
18:13:28     all   40.92    0.00   12.02    0.26    0.00    0.77    0.00    0.00    0.00   46.04
18:13:28       0   39.18    0.00   10.31    0.00    0.00    0.00    0.00    0.00    0.00   50.52
18:13:28       1   38.38    0.00   14.14    1.01    0.00    3.03    0.00    0.00    0.00   43.43
18:13:28       2   45.83    0.00    7.29    0.00    0.00    0.00    0.00    0.00    0.00   46.88
18:13:28       3   40.40    0.00   16.16    0.00    0.00    0.00    0.00    0.00    0.00   43.43

Average:     CPU    %usr   %nice    %sys %iowait    %irq   %soft  %steal  %guest  %gnice   %idle
Average:     all   41.42    0.00   12.01    0.03    0.00    1.11    0.00    0.00    0.00   45.44
Average:       0   42.42    0.00   12.60    0.02    0.00    0.31    0.00    0.00    0.00   44.65
Average:       1   40.45    0.00   11.63    0.03    0.00    3.59    0.00    0.00    0.00   44.30
Average:       2   41.19    0.00   11.88    0.02    0.00    0.21    0.00    0.00    0.00   46.70
Average:       3   41.60    0.00   11.92    0.03    0.00    0.31    0.00    0.00    0.00   46.13
